,id,nameProject,testCase,isFlaky,prediction
17,19772.0,querydsl,com.querydsl.jpa.jpqlserializertest.stringcontainsic,False,False
18,19773.0,querydsl,com.querydsl.jpa.jpqlserializertest.substring,False,False
34,19789.0,querydsl,com.querydsl.jpa.jpaquerymixintest.orderby_operation,False,False
59,19815.0,querydsl,com.querydsl.jpa.jpacollectionanyvisitortest.simple_booleanoperation_longpath,False,False
75,19833.0,querydsl,com.querydsl.jpa.hibernatequeryfactorytest.from,False,False
76,19834.0,querydsl,com.querydsl.jpa.hibernatequeryfactorytest.delete,False,False
81,19839.0,querydsl,com.querydsl.jpa.jpqltemplatestest.getprecedence,False,False
95,19854.0,querydsl,com.querydsl.jpa.querymutabilitytest.query,False,False
114,19876.0,querydsl,com.querydsl.collections.collquerytest.instanceof,False,False
155,19917.0,querydsl,com.querydsl.collections.groupbytest.first_set_and_list,False,False
157,19919.0,querydsl,com.querydsl.collections.groupbytest.classcastexception,False,False
178,19942.0,querydsl,com.querydsl.collections.documenttest.test2,False,False
181,19945.0,querydsl,com.querydsl.collections.querymutabilitytest.test,False,False
189,19953.0,querydsl,com.querydsl.collections.serializationtest.onesource_projectedlist,False,False
197,19961.0,querydsl,com.querydsl.collections.serializationtest.pairsastuple,False,False
201,19965.0,querydsl,com.querydsl.sql.relationalpathextractortest.subquery,False,False
203,19969.0,querydsl,com.querydsl.sql.sqlcloselistenertest.fetch,False,False
209,19975.0,querydsl,com.querydsl.sql.relationalpathtest.in_tuple,False,False
230,19996.0,querydsl,com.querydsl.sql.sqlserializertest.joinwithoutcodegeneration,False,False
231,19997.0,querydsl,com.querydsl.sql.sqlserializertest.leftjoinwithoutcodegeneration,False,False
237,20003.0,querydsl,com.querydsl.sql.sqlserializertest.join_to_function_in_derby,False,False
241,20007.0,querydsl,com.querydsl.sql.sqlserializertest.override,False,False
243,20009.0,querydsl,com.querydsl.sql.sqlserializertest.columnoverrides2,False,False
255,20021.0,querydsl,com.querydsl.sql.sqlbindingstest.empty,False,False
259,20025.0,querydsl,com.querydsl.sql.h2templatestest.createtemplates,False,False
267,20033.0,querydsl,com.querydsl.sql.sqlserver2012templatestest.delete_limit,False,False
278,20044.0,querydsl,com.querydsl.sql.multikeytest.tostring_,False,False
280,20046.0,querydsl,com.querydsl.sql.oracletemplatestest.union,False,False
293,20059.0,querydsl,com.querydsl.sql.jdbctypemappingtest.bytestypes,False,False
306,20072.0,querydsl,com.querydsl.sql.sqltemplatestest.numeric_operations,False,False
321,20087.0,querydsl,com.querydsl.sql.teradatatemplatestest.createtemplates,False,False
356,20123.0,querydsl,com.querydsl.sql.sqlqueryfactorytest.query,False,False
359,20126.0,querydsl,com.querydsl.sql.sqlqueryfactorytest.insert,False,False
379,20148.0,querydsl,com.querydsl.sql.windowfunctiontest.all,False,False
386,20155.0,querydsl,com.querydsl.sql.windowfunctiontest.keep_last,False,False
398,20167.0,querydsl,com.querydsl.sql.serializationtest.functioncall3,False,False
430,20201.0,querydsl,com.querydsl.sql.mssql.windowfunctiontest.tostring,False,False
432,20203.0,querydsl,com.querydsl.sql.mssql.windowfunctiontest.orderby,False,False
453,20224.0,querydsl,com.querydsl.sql.types.abstractjsr310datetimetypetest.tojoda,False,False
467,20238.0,querydsl,com.querydsl.sql.types.typetest.invoke,False,False
497,20270.0,querydsl,com.querydsl.sql.dml.sqldeleteclausetest.clear,False,False
503,20277.0,querydsl,com.querydsl.sql.dml.sqlmergeclausetest.clear,False,False
504,20278.0,querydsl,com.querydsl.sql.dml.defaultmappertest.extract,False,False
508,20282.0,querydsl,com.querydsl.sql.dml.sqlupdateclausetest.getsql,False,False
512,20286.0,querydsl,com.querydsl.sql.dml.sqlupdateclausetest.clear,False,False
523,20298.0,querydsl,com.querydsl.sql.mysql.mysqlqueryfactorytest.insertignore,False,False
548,20324.0,querydsl,com.querydsl.sql.mysql.mysqlquerytest.intooutfile,False,False
589,20371.0,querydsl,com.querydsl.sql.codegen.extendednamingstrategytest.getpropertynameforprimarykey,False,False
601,20385.0,querydsl,com.querydsl.sql.codegen.originalnamingstrategytest.getpropertynameforinverseforeignkey,False,False
606,20391.0,querydsl,com.querydsl.sql.codegen.ant.antmetadataexportertest.execute_with_import,False,False
611,20396.0,querydsl,com.querydsl.sql.codegen.support.renamemappingtest.schematabletoschematable,False,False
641,20428.0,querydsl,com.querydsl.lucene4.lucenequerytest.list_distinct_property,False,False
644,20431.0,querydsl,com.querydsl.lucene4.lucenequerytest.list_sorted_descending_by_year,False,False
649,20436.0,querydsl,com.querydsl.lucene4.lucenequerytest.list_sorted_index_problem_in_max_doc,False,False
653,20440.0,querydsl,com.querydsl.lucene4.lucenequerytest.load_singleresult,False,False
657,20444.0,querydsl,com.querydsl.lucene4.lucenequerytest.single_result_considers_limit_and_actual_result_size,False,False
661,20448.0,querydsl,com.querydsl.lucene4.lucenequerytest.uniqueresult_contract,False,False
670,20457.0,querydsl,com.querydsl.lucene4.lucenequerytest.uniqueresult_finds_more_than_one_result,False,False
682,20469.0,querydsl,com.querydsl.lucene4.lucenequerytest.list_not_sorted_limit_0,False,False
684,20471.0,querydsl,com.querydsl.lucene4.lucenequerytest.list_not_sorted_offset_negative,False,False
685,20472.0,querydsl,com.querydsl.lucene4.lucenequerytest.list_sorted_ascending_offset_0,False,False
687,20474.0,querydsl,com.querydsl.lucene4.lucenequerytest.iterate,False,False
695,20484.0,querydsl,com.querydsl.lucene4.luceneserializertest.testquery,False,False
724,20513.0,querydsl,com.querydsl.lucene4.luceneserializertest.title_equals_not_house,False,False
739,20528.0,querydsl,com.querydsl.lucene4.luceneserializertest.between,False,False
740,20529.0,querydsl,com.querydsl.lucene4.luceneserializertest.between_numeric_integer,False,False
750,20539.0,querydsl,com.querydsl.lucene4.luceneserializertest.lt_not_in_range_because_equal,False,False
761,20550.0,querydsl,com.querydsl.lucene4.luceneserializertest.loe_numeric_double_not_found,False,False
770,20559.0,querydsl,com.querydsl.lucene4.luceneserializertest.goe_numeric_double,False,False
782,20571.0,querydsl,com.querydsl.lucene4.luceneserializertest.ends_with_empty_string,False,False
792,20581.0,querydsl,com.querydsl.mongodb.domain.usertest.friend,False,False
795,20584.0,querydsl,com.querydsl.mongodb.mongodbserializertest.paths,False,False
806,20595.0,querydsl,com.querydsl.mongodb.mongodbserializertest.in,False,False
818,20607.0,querydsl,com.querydsl.mongodb.mongodbserializertest.dbo,False,False
830,20620.0,querydsl,com.querydsl.maven.metadataexportmojotest.executewithscalasources,False,False
831,20621.0,querydsl,com.querydsl.maven.metadataexportmojotest.executewithnamingstrategy,False,False
834,20624.0,querydsl,com.querydsl.maven.metadataexportmojotest.executewithimport1,False,False
840,20630.0,querydsl,com.querydsl.codegen.embeddableserializertest.properties,False,False
877,20669.0,querydsl,com.querydsl.codegen.genericexportertest.export_propertyhandling,False,False
878,20670.0,querydsl,com.querydsl.codegen.projectionserializertest.constructors,False,False
879,20671.0,querydsl,com.querydsl.codegen.propertytest.equals_and_hashcode,False,False
889,20681.0,querydsl,com.querydsl.codegen.entityserializertest.properties,False,False
897,20690.0,querydsl,com.querydsl.codegen.beanserializertest.interfaces2,False,False
911,20705.0,querydsl,com.querydsl.codegen.typefactorytest.generics_object,False,False
924,20718.0,querydsl,com.querydsl.codegen.typefactorytest.arraytype,False,False
929,20723.0,querydsl,com.querydsl.jpa.codegen.jpadomainexportertest.test,False,False
935,20730.0,querydsl,com.querydsl.hibernate.search.searchquerytest.uniqueresult,False,False
942,20737.0,querydsl,com.querydsl.hibernate.search.searchquerytest.no_where,False,False
988,20787.0,querydsl,com.querydsl.lucene3.lucenequerytest.count_empty_where_clause,False,False
991,20790.0,querydsl,com.querydsl.lucene3.lucenequerytest.count,False,False
994,20793.0,querydsl,com.querydsl.lucene3.lucenequerytest.in,False,False
999,20798.0,querydsl,com.querydsl.lucene3.lucenequerytest.sorted_by_different_locales,False,False
1023,20822.0,querydsl,com.querydsl.lucene3.lucenequerytest.single_result_considers_limit_and_actual_result_size,False,False
1024,20823.0,querydsl,com.querydsl.lucene3.lucenequerytest.single_result_returns_null_if_nothing_is_in_range,False,False
1031,20830.0,querydsl,com.querydsl.lucene3.lucenequerytest.unique_result_considers_offset,False,False
1032,20831.0,querydsl,com.querydsl.lucene3.lucenequerytest.unique_result_considers_limit_and_offset,False,False
1036,20835.0,querydsl,com.querydsl.lucene3.lucenequerytest.uniqueresult_finds_more_than_one_result,False,False
1041,20840.0,querydsl,com.querydsl.lucene3.lucenequerytest.listdistinct,False,False
1044,20843.0,querydsl,com.querydsl.lucene3.lucenequerytest.list_all,False,False
1046,20845.0,querydsl,com.querydsl.lucene3.lucenequerytest.list_not_sorted_limit_negative,False,False
1064,20865.0,querydsl,com.querydsl.lucene3.luceneserializertest.like_custom_wildcard_single_character,False,False
1066,20867.0,querydsl,com.querydsl.lucene3.luceneserializertest.like_phrase,False,False
1075,20876.0,querydsl,com.querydsl.lucene3.luceneserializertest.eq_numeric_double,False,False
1076,20877.0,querydsl,com.querydsl.lucene3.luceneserializertest.eq_numeric,False,False
1077,20878.0,querydsl,com.querydsl.lucene3.luceneserializertest.equals_ignores_case,False,False
1079,20880.0,querydsl,com.querydsl.lucene3.luceneserializertest.eq_and_eq,False,False
1081,20882.0,querydsl,com.querydsl.lucene3.luceneserializertest.equals_ignore_case_and_or,False,False
1084,20885.0,querydsl,com.querydsl.lucene3.luceneserializertest.publisher_equals_empty_string,False,False
1085,20886.0,querydsl,com.querydsl.lucene3.luceneserializertest.eq_phrase_should_not_find_results_but_lucene_semantics_differs_from_querydsls,False,False
1088,20889.0,querydsl,com.querydsl.lucene3.luceneserializertest.title_equals_ignore_case_negation_or_rating_equals_ignore_case,False,False
1089,20890.0,querydsl,com.querydsl.lucene3.luceneserializertest.eq_not_does_not_find_results,False,False
1094,20895.0,querydsl,com.querydsl.lucene3.luceneserializertest.nothing_found_with_not_equals_or_equals,False,False
1100,20901.0,querydsl,com.querydsl.lucene3.luceneserializertest.ends_with_ignore_case_phrase,False,False
1104,20905.0,querydsl,com.querydsl.lucene3.luceneserializertest.contains_user_inputted_wildcards_dont_work,False,False
1106,20907.0,querydsl,com.querydsl.lucene3.luceneserializertest.between_numeric_integer,False,False
1120,20921.0,querydsl,com.querydsl.lucene3.luceneserializertest.loe_numeric_integer,False,False
1126,20927.0,querydsl,com.querydsl.lucene3.luceneserializertest.loe_numeric_integer_not_found,False,False
1127,20928.0,querydsl,com.querydsl.lucene3.luceneserializertest.loe_numeric_double_not_found,False,False
1134,20935.0,querydsl,com.querydsl.lucene3.luceneserializertest.goe,False,False
1138,20939.0,querydsl,com.querydsl.lucene3.luceneserializertest.goe_numeric_integer_equal,False,False
1152,20953.0,querydsl,com.querydsl.lucene3.luceneserializertest.proximity,False,False
1156,20957.0,querydsl,com.querydsl.lucene3.luceneserializertest.various,False,False
1160,20962.0,querydsl,com.querydsl.jdo.jdoqueryfactorytest.get,False,False
1169,20971.0,querydsl,com.querydsl.jdo.jdosqlquerytest.count,False,False
1210,21012.0,querydsl,com.querydsl.core.defaultquerymetadatatest.validation_no_error_for_groupby,False,False
1216,21018.0,querydsl,com.querydsl.core.defaultquerymetadatatest.getjoins3,False,False
1217,21019.0,querydsl,com.querydsl.core.defaultquerymetadatatest.getmodifiers,False,False
1235,21037.0,querydsl,com.querydsl.core.booleanbuildertest.and_any_of2,False,False
1237,21039.0,querydsl,com.querydsl.core.booleanbuildertest.or_all_of2,False,False
1239,21041.0,querydsl,com.querydsl.core.booleanbuildertest.basic,False,False
1251,21053.0,querydsl,com.querydsl.core.booleanbuildertest.tostring_,False,False
1256,21058.0,querydsl,com.querydsl.core.util.constructorutilstest.getdefaultconstructor,False,False
1279,21081.0,querydsl,com.querydsl.core.util.mathutilstest.checkcast,False,False
1297,21100.0,querydsl,com.querydsl.core.util.beanmaptest.keyset,False,False
1301,21104.0,querydsl,com.querydsl.core.util.beanmaptest.getbean,False,False
1307,21110.0,querydsl,com.querydsl.core.types.javatemplatestest.generic_precedence,False,False
1313,21116.0,querydsl,com.querydsl.core.types.tostringvisitortest.complex,False,False
1321,21124.0,querydsl,com.querydsl.core.types.qmaptest.nestedprojection_newinstance,False,False
1334,21137.0,querydsl,com.querydsl.core.types.paramtest.getnotsetmessage,False,False
1340,21143.0,querydsl,com.querydsl.core.types.constructorexpressiontest.createnullprimitive,False,False
1348,21151.0,querydsl,com.querydsl.core.types.templatetest.operation,False,False
1359,21162.0,querydsl,com.querydsl.core.types.projectionstest.nested,False,False
1377,21180.0,querydsl,com.querydsl.core.types.expressionutilstest.in_subquery,False,False
1391,21194.0,querydsl,com.querydsl.core.types.qtupletest.nestedprojection_newinstance,False,False
1400,21204.0,querydsl,com.querydsl.core.types.validatingvisitortest.visitoperationofqvoid,False,False
1423,21228.0,querydsl,com.querydsl.core.types.dsl.setpathtest.getparameter,False,False
1428,21233.0,querydsl,com.querydsl.core.types.dsl.pathinitstest.isinitialized,False,False
1438,21245.0,querydsl,com.querydsl.core.types.dsl.expressionstest.anyof_with_nulls,False,False
1446,21253.0,querydsl,com.querydsl.core.types.dsl.expressionstest.subquery,False,False
1461,21268.0,querydsl,com.querydsl.core.types.dsl.expressionstest.stringpathstring,False,False
1465,21272.0,querydsl,com.querydsl.core.types.dsl.expressionstest.booleanpathpathofqstring,False,False
1478,21285.0,querydsl,com.querydsl.core.types.dsl.expressionstest.asdatetime_returns_a_corresponding_datetimeexpression_for_a_given_expression,False,False
1480,21287.0,querydsl,com.querydsl.core.types.dsl.expressionstest.astime_returns_a_corresponding_timeexpression_for_a_given_expression,False,False
1496,21303.0,querydsl,com.querydsl.core.types.dsl.coalescetest.dsl,False,False
1505,21312.0,querydsl,com.querydsl.core.types.dsl.pathbuildertest.getlist,False,False
1506,21313.0,querydsl,com.querydsl.core.types.dsl.pathbuildertest.getmap,False,False
1513,21320.0,querydsl,com.querydsl.core.types.dsl.collectionpathtest.getelementtype,False,False
1519,21326.0,querydsl,com.querydsl.core.types.dsl.pathbuilderfactorytest.create_withsuffix,False,False
1530,21337.0,querydsl,com.querydsl.core.types.dsl.numberpathtest.bytepath_notin,False,False
1533,21340.0,querydsl,com.querydsl.core.types.dsl.pathtest.getannotatedelement_for_property,False,False
1548,21355.0,querydsl,com.querydsl.core.types.dsl.beanpathtest.as_class_with_inits,False,False
1554,21361.0,querydsl,com.querydsl.core.types.dsl.booleanexpressiontest.allof,False,False
1573,21380.0,querydsl,com.querydsl.core.support.querymixintest.fulljoin,False,False
1580,21387.0,querydsl,com.querydsl.core.support.collectionanyvisitortest.longer_path2,False,False
1587,21394.0,querydsl,com.querydsl.core.support.collectionanyvisitortest.serialize,False,False
1593,21400.0,querydsl,com.querydsl.core.support.replacevisitortest.operation,False,False
1594,21401.0,querydsl,com.querydsl.core.support.replacevisitortest.templateexpression,False,False
1601,21408.0,querydsl,com.querydsl.core.alias.aliastest.var,False,False
1619,21426.0,querydsl,com.querydsl.core.group.groupbylisttest.group_order,False,False
1629,21436.0,querydsl,com.querydsl.core.group.groupbylisttest.transform_results,False,False
1639,21446.0,querydsl,com.querydsl.core.group.groupbyiteratetest.map1,False,False
1643,21450.0,querydsl,com.querydsl.core.group.groupbyiteratetest.map4,False,False
1654,21461.0,querydsl,com.querydsl.core.group.groupbymaptest.first_set_and_list,False,False
1672,21479.0,querydsl,com.querydsl.core.group.groupbymaptest.signature,False,False
1673,21480.0,querydsl,com.querydsl.sql.spatial.jgeometryconvertertest.roundtrip,False,False
1741,21550.0,querydsl,com.querydsl.lucene5.lucenequerytest.uniqueresult_finds_no_results_because_no_documents_in_index,False,False
1769,21580.0,querydsl,com.querydsl.lucene5.luceneserializertest.like_phrase,False,False
1780,21591.0,querydsl,com.querydsl.lucene5.luceneserializertest.equals_ignores_case,False,False
1782,21593.0,querydsl,com.querydsl.lucene5.luceneserializertest.eq_and_eq,False,False
1800,21611.0,querydsl,com.querydsl.lucene5.luceneserializertest.startswith_phrase,False,False
1801,21612.0,querydsl,com.querydsl.lucene5.luceneserializertest.starts_with_ignore_case_phrase_does_not_find_results,False,False
1806,21617.0,querydsl,com.querydsl.lucene5.luceneserializertest.contains_ignore_case_phrase,False,False
1828,21639.0,querydsl,com.querydsl.lucene5.luceneserializertest.loe_not_found,False,False
1844,21655.0,querydsl,com.querydsl.lucene5.luceneserializertest.goe_numeric_integer_not_found,False,False
1851,21662.0,querydsl,com.querydsl.lucene5.luceneserializertest.ends_with_empty_string,False,False
1858,21669.0,querydsl,com.querydsl.lucene5.luceneserializertest.unsupportedoperation,False,False
1863,21674.0,querydsl,com.querydsl.apt.domain.delegatetest.ismanagedby,False,False
1865,21676.0,querydsl,com.querydsl.apt.domain.delegatetest.getname,False,False
1878,21689.0,querydsl,com.querydsl.apt.domain.entitytest.inheritance,False,False
1891,21703.0,querydsl,com.querydsl.apt.domain.pathmetadatatest.test,False,False
1906,21718.0,querydsl,com.querydsl.apt.querydslannotationprocessortest.process_monitoredcompany,False,False
1911,21723.0,querydsl,com.querydsl.apt.querydslannotationprocessortest.process_delegate,False,False
1916,21728.0,querydsl,com.querydsl.apt.querydslannotationprocessortest.process_inheritance2test,False,False
23,19778.0,querydsl,com.querydsl.jpa.jpqlserializertest.visitliteral_boolean,False,False
24,19779.0,querydsl,com.querydsl.jpa.jpqlserializertest.visitliteral_number,False,False
38,19793.0,querydsl,com.querydsl.jpa.jpaquerymixintest.orderby_any,False,False
51,19807.0,querydsl,com.querydsl.jpa.jpaqueryfactorytest.delete3,False,False
62,19818.0,querydsl,com.querydsl.jpa.jpacollectionanyvisitortest.and_operation,False,False
78,19836.0,querydsl,com.querydsl.jpa.jpqltemplatestest.escape,False,False
87,19846.0,querydsl,com.querydsl.jpa.jpaprovidertest.eclipselink,False,False
94,19853.0,querydsl,com.querydsl.jpa.nativesqlserializertest.path_column2,False,False
97,19856.0,querydsl,com.querydsl.jpa.querymutabilitytest.querymutability,False,False
103,19865.0,querydsl,com.querydsl.collections.aliastest.aliasvariations1,False,False
107,19869.0,querydsl,com.querydsl.collections.aliastest.various2,False,False
110,19872.0,querydsl,com.querydsl.collections.collqueryfunctionstest.likespeed,False,False
111,19873.0,querydsl,com.querydsl.collections.collqueryfunctionstest.like,False,False
113,19875.0,querydsl,com.querydsl.collections.collquerytest.customtemplates,False,False
123,19885.0,querydsl,com.querydsl.collections.collquerytest.groupby,False,False
124,19886.0,querydsl,com.querydsl.collections.collquerytest.having,False,False
129,19891.0,querydsl,com.querydsl.collections.multicomparatortest.gettype,False,False
134,19896.0,querydsl,com.querydsl.collections.mappingprojectiontest.test,False,False
139,19901.0,querydsl,com.querydsl.collections.ordertest.test2,False,False
149,19911.0,querydsl,com.querydsl.collections.groupbytest.group_min,False,False
156,19918.0,querydsl,com.querydsl.collections.groupbytest.group_by_null,False,False
159,19921.0,querydsl,com.querydsl.collections.groupbytest.array_access,False,False
171,19934.0,querydsl,com.querydsl.collections.pathcomparatortest.leftisnull,False,False
173,19936.0,querydsl,com.querydsl.collections.pathcomparatortest.compareonvalue,False,False
204,19970.0,querydsl,com.querydsl.sql.sqlcloselistenertest.fetchone,False,False
205,19971.0,querydsl,com.querydsl.sql.sqlcloselistenertest.fetchfirst,False,False
211,19977.0,querydsl,com.querydsl.sql.sqlserver2005templatestest.createtemplates,False,False
216,19982.0,querydsl,com.querydsl.sql.sqlserver2005templatestest.nextval,False,False
218,19984.0,querydsl,com.querydsl.sql.sqllistenerstest.notifyquery,False,False
219,19985.0,querydsl,com.querydsl.sql.sqllistenerstest.notifyquery_parent,False,False
221,19987.0,querydsl,com.querydsl.sql.sqllistenerstest.notifyquery_detailedlistener_contexsetting,False,False
227,19993.0,querydsl,com.querydsl.sql.sqlserializertest.in,False,False
228,19994.0,querydsl,com.querydsl.sql.sqlserializertest.fulljoinwithoutcodegeneration,False,False
234,20000.0,querydsl,com.querydsl.sql.sqlserializertest.startswith,False,False
240,20006.0,querydsl,com.querydsl.sql.sqlserializertest.like,False,False
242,20008.0,querydsl,com.querydsl.sql.sqlserializertest.columnoverrides,False,False
279,20045.0,querydsl,com.querydsl.sql.oracletemplatestest.createtemplates,False,False
287,20053.0,querydsl,com.querydsl.sql.hsqldbtemplatestest.precedence,False,False
300,20066.0,querydsl,com.querydsl.sql.sqltemplatestest.test,False,False
313,20079.0,querydsl,com.querydsl.sql.relationalfunctioncalltest.twoargs,False,False
314,20080.0,querydsl,com.querydsl.sql.templatetest.todate,False,False
319,20085.0,querydsl,com.querydsl.sql.sqlitetemplatestest.union,False,False
343,20109.0,querydsl,com.querydsl.sql.firebirdtemplatestest.arithmetic,False,False
345,20111.0,querydsl,com.querydsl.sql.firebirdtemplatestest.precedence,False,False
358,20125.0,querydsl,com.querydsl.sql.sqlqueryfactorytest.delete,False,False
363,20130.0,querydsl,com.querydsl.sql.connectionstest.valid_wkt,False,False
391,20160.0,querydsl,com.querydsl.sql.serializationtest.update,False,False
397,20166.0,querydsl,com.querydsl.sql.serializationtest.functioncall2,False,False
400,20169.0,querydsl,com.querydsl.sql.serializationtest.union1_groupby,False,False
412,20182.0,querydsl,com.querydsl.sql.oracle.oraclequeryfactorytest.get,False,False
417,20187.0,querydsl,com.querydsl.sql.oracle.oraclequeryfactorytest.update,False,False
433,20204.0,querydsl,com.querydsl.sql.mssql.windowfunctiontest.partitionby,False,False
436,20207.0,querydsl,com.querydsl.sql.types.localetypetest.lang_country_variant,False,False
447,20218.0,querydsl,com.querydsl.sql.types.jsr310offsettimetypetest.get,False,False
458,20229.0,querydsl,com.querydsl.sql.types.abstractjsr310datetimetypetest.tojoda,False,False
466,20237.0,querydsl,com.querydsl.sql.types.abstractjsr310datetimetypetest.get_iot,False,False
468,20239.0,querydsl,com.querydsl.sql.types.typetest.test,False,False
480,20251.0,querydsl,com.querydsl.sql.types.jsr310offsetdatetimetypetest.get,False,False
496,20269.0,querydsl,com.querydsl.sql.dml.sqldeleteclausetest.getsql,False,False
505,20279.0,querydsl,com.querydsl.sql.dml.defaultmappertest.extract2,False,False
507,20281.0,querydsl,com.querydsl.sql.dml.sqlupdateclausetest.noconnection,False,False
541,20317.0,querydsl,com.querydsl.sql.mysql.mysqlquerytest.bufferresult,False,False
542,20318.0,querydsl,com.querydsl.sql.mysql.mysqlquerytest.cache,False,False
559,20337.0,querydsl,com.querydsl.sql.codegen.defaultnamingstrategytest.getpropertyname_with_dashes,False,False
578,20359.0,querydsl,com.querydsl.sql.codegen.metadataexportertest.minimal_configuration_without_keys,False,False
580,20361.0,querydsl,com.querydsl.sql.codegen.metadataexportertest.minimal_configuration_with_bean_prefix,False,False
582,20363.0,querydsl,com.querydsl.sql.codegen.metadataexportertest.minimal_configuration_with_bean_folder,False,False
586,20368.0,querydsl,com.querydsl.sql.codegen.extendednamingstrategytest.getpropertyname_for_column_with_spaces,False,False
592,20375.0,querydsl,com.querydsl.sql.codegen.metadataserializertest.customized_serialization,False,False
609,20394.0,querydsl,com.querydsl.sql.codegen.support.renamemappingtest.tabletotable,False,False
613,20398.0,querydsl,com.querydsl.sql.codegen.support.renamemappingtest.tablecolumntocolumn,False,False
622,20409.0,querydsl,com.querydsl.lucene4.lucenequerytest.count_empty_where_clause,False,False
635,20422.0,querydsl,com.querydsl.lucene4.lucenequerytest.list_sorted_by_year_limit_1,False,False
652,20439.0,querydsl,com.querydsl.lucene4.lucenequerytest.load_list_fieldselector,False,False
664,20451.0,querydsl,com.querydsl.lucene4.lucenequerytest.unique_result_returns_null_if_nothing_is_in_range,False,False
673,20460.0,querydsl,com.querydsl.lucene4.lucenequerytest.uniqueresult_sorted_index_problem_in_max_doc,False,False
675,20462.0,querydsl,com.querydsl.lucene4.lucenequerytest.listdistinct,False,False
680,20467.0,querydsl,com.querydsl.lucene4.lucenequerytest.list_not_sorted_limit_negative,False,False
683,20470.0,querydsl,com.querydsl.lucene4.lucenequerytest.list_sorted_ascending_offset_negative,False,False
702,20491.0,querydsl,com.querydsl.lucene4.luceneserializertest.like_and_like,False,False
710,20499.0,querydsl,com.querydsl.lucene4.luceneserializertest.eq_numeric,False,False
714,20503.0,querydsl,com.querydsl.lucene4.luceneserializertest.eq_and_eq_and_eq,False,False
718,20507.0,querydsl,com.querydsl.lucene4.luceneserializertest.publisher_equals_empty_string,False,False
721,20510.0,querydsl,com.querydsl.lucene4.luceneserializertest.like_not_does_not_find_results,False,False
732,20521.0,querydsl,com.querydsl.lucene4.luceneserializertest.starts_with_ignore_case_phrase_does_not_find_results,False,False
737,20526.0,querydsl,com.querydsl.lucene4.luceneserializertest.contains_ignore_case_phrase,False,False
743,20532.0,querydsl,com.querydsl.lucene4.luceneserializertest.between_is_inclusive_from_start,False,False
748,20537.0,querydsl,com.querydsl.lucene4.luceneserializertest.lt_numeric_integer,False,False
764,20553.0,querydsl,com.querydsl.lucene4.luceneserializertest.gt_numeric_double,False,False
765,20554.0,querydsl,com.querydsl.lucene4.luceneserializertest.gt_not_in_range_because_equal,False,False
772,20561.0,querydsl,com.querydsl.lucene4.luceneserializertest.goe_numeric_integer_equal,False,False
780,20569.0,querydsl,com.querydsl.lucene4.luceneserializertest.like_empty_string,False,False
788,20577.0,querydsl,com.querydsl.lucene4.luceneserializertest.pathany,False,False
827,20617.0,querydsl,com.querydsl.maven.metadataexportmojotest.execute_with_typemappings,False,False
842,20632.0,querydsl,com.querydsl.codegen.embeddableserializertest.empty,False,False
849,20639.0,querydsl,com.querydsl.codegen.delegatetest.equals_object,False,False
859,20650.0,querydsl,com.querydsl.codegen.serializertest.entityserializer,False,False
860,20651.0,querydsl,com.querydsl.codegen.serializertest.entityserializer2,False,False
871,20663.0,querydsl,com.querydsl.codegen.genericexportertest.export_package_as_string,False,False
873,20665.0,querydsl,com.querydsl.codegen.genericexportertest.export_handle_no_methods_nor_fields,False,False
881,20673.0,querydsl,com.querydsl.codegen.customtypetest.customtype,False,False
885,20677.0,querydsl,com.querydsl.codegen.entityserializertest.original_category,False,False
900,20693.0,querydsl,com.querydsl.codegen.beanserializertest.properties,False,False
906,20700.0,querydsl,com.querydsl.codegen.typefactorytest.subentity,False,False
908,20702.0,querydsl,com.querydsl.codegen.typefactorytest.simpletypes_classlist5,False,False
915,20709.0,querydsl,com.querydsl.codegen.typefactorytest.rawfield,False,False
928,20722.0,querydsl,com.querydsl.jpa.codegen.hibernatedomainexportertest.test,False,False
930,20724.0,querydsl,com.querydsl.jpa.codegen.ant.antjpadomainexportertest.test,False,False
933,20728.0,querydsl,com.querydsl.hibernate.search.searchquerytest.notexists,False,False
937,20732.0,querydsl,com.querydsl.hibernate.search.searchquerytest.unique_result_throws_exception_on_multiple_results,False,False
960,20757.0,querydsl,com.querydsl.example.dao.customerdaotest.findall,False,False
963,20760.0,querydsl,com.querydsl.example.dao.customerdaotest.delete,False,False
967,20764.0,querydsl,com.querydsl.example.dao.productdaotest.delete,False,False
968,20765.0,querydsl,com.querydsl.example.dao.persondaotest.findall,False,False
976,20773.0,querydsl,com.querydsl.example.dao.orderdaotest.findall,False,False
983,20780.0,querydsl,com.querydsl.lucene3.termelementtest.test,False,False
992,20791.0,querydsl,com.querydsl.lucene3.lucenequerytest.count_index_problem,False,False
1001,20800.0,querydsl,com.querydsl.lucene3.lucenequerytest.list_sorted_by_year_limit_1,False,False
1015,20814.0,querydsl,com.querydsl.lucene3.lucenequerytest.list_sorted_index_problem_in_max_doc,False,False
1019,20818.0,querydsl,com.querydsl.lucene3.lucenequerytest.load_singleresult,False,False
1026,20825.0,querydsl,com.querydsl.lucene3.lucenequerytest.single_result_considers_limit_and_offset,False,False
1030,20829.0,querydsl,com.querydsl.lucene3.lucenequerytest.unique_result_returns_null_if_nothing_is_in_range,False,False
1038,20837.0,querydsl,com.querydsl.lucene3.lucenequerytest.uniqueresult_finds_no_results_because_no_documents_in_index,False,False
1043,20842.0,querydsl,com.querydsl.lucene3.lucenequerytest.listdistinctresults,False,False
1047,20846.0,querydsl,com.querydsl.lucene3.lucenequerytest.list_sorted_ascending_limit_0,False,False
1048,20847.0,querydsl,com.querydsl.lucene3.lucenequerytest.list_not_sorted_limit_0,False,False
1049,20848.0,querydsl,com.querydsl.lucene3.lucenequerytest.list_sorted_ascending_offset_negative,False,False
1056,20855.0,querydsl,com.querydsl.lucene3.lucenequerytest.list_results_throws_an_illegal_argument_exception_when_sum_of_limit_and_offset_is_negative,False,False
1068,20869.0,querydsl,com.querydsl.lucene3.luceneserializertest.like_and_like,False,False
1070,20871.0,querydsl,com.querydsl.lucene3.luceneserializertest.eq_with_deep_path,False,False
1078,20879.0,querydsl,com.querydsl.lucene3.luceneserializertest.title_equals_ignore_case_or_year_equals,False,False
1095,20896.0,querydsl,com.querydsl.lucene3.luceneserializertest.ne_and_eq,False,False
1116,20917.0,querydsl,com.querydsl.lucene3.luceneserializertest.lt_not_in_range_because_equal,False,False
1118,20919.0,querydsl,com.querydsl.lucene3.luceneserializertest.lt_numeric_double_not_in_range_because_equal,False,False
1123,20924.0,querydsl,com.querydsl.lucene3.luceneserializertest.loe_numeric_integer_equal,False,False
1159,20960.0,querydsl,com.querydsl.spatial.hibernate.hibernatespatialsupporttest.allmapped,False,False
1162,20964.0,querydsl,com.querydsl.jdo.jdoqueryfactorytest.from,False,False
1172,20974.0,querydsl,com.querydsl.jdo.jdosqlquerytest.singleresult_with_array,False,False
1194,20996.0,querydsl,com.querydsl.core.queryresultstest.emptyresults,False,False
1197,20999.0,querydsl,com.querydsl.core.querymodifierstest.offset,False,False
1225,21027.0,querydsl,com.querydsl.core.defaultquerymetadatatest.joinshouldbecommitted,False,False
1249,21051.0,querydsl,com.querydsl.core.booleanbuildertest.booleanbuilder_equals_constant,False,False
1268,21070.0,querydsl,com.querydsl.core.util.multiiteratortest.test,False,False
1296,21099.0,querydsl,com.querydsl.core.util.beanmaptest.getstring,False,False
1312,21115.0,querydsl,com.querydsl.core.types.tostringvisitortest.path,False,False
1350,21153.0,querydsl,com.querydsl.core.types.templatetest.like,False,False
1362,21165.0,querydsl,com.querydsl.core.types.constantimpltest.create,False,False
1363,21166.0,querydsl,com.querydsl.core.types.expressionutilstest.liketoregex,False,False
1378,21181.0,querydsl,com.querydsl.core.types.expressionutilstest.inany,False,False
1382,21185.0,querydsl,com.querydsl.core.types.expressionutilstest.ne,False,False
1385,21188.0,querydsl,com.querydsl.core.types.qtupletest.alias,False,False
1432,21239.0,querydsl,com.querydsl.core.types.dsl.expressionstest.signature,False,False
1433,21240.0,querydsl,com.querydsl.core.types.dsl.expressionstest.assertreturntype,False,False
1449,21256.0,querydsl,com.querydsl.core.types.dsl.expressionstest.pathclassoftstring,False,False
1457,21264.0,querydsl,com.querydsl.core.types.dsl.expressionstest.timepathclassoftstring,False,False
1460,21267.0,querydsl,com.querydsl.core.types.dsl.expressionstest.numberpathclassoftpathofqstring,False,False
1477,21284.0,querydsl,com.querydsl.core.types.dsl.expressionstest.asdate_returns_a_corresponding_dateexpression_for_a_given_constant,False,False
1490,21297.0,querydsl,com.querydsl.core.types.dsl.coalescetest.mutable,False,False
1520,21327.0,querydsl,com.querydsl.core.types.dsl.mappathtest.get,False,False
1544,21351.0,querydsl,com.querydsl.core.types.dsl.simpleexpressiontest.eq_null,False,False
1547,21354.0,querydsl,com.querydsl.core.types.dsl.beanpathtest.as_class_cached,False,False
1553,21360.0,querydsl,com.querydsl.core.types.dsl.booleanexpressiontest.anyof,False,False
1597,21404.0,querydsl,com.querydsl.core.alias.aliastest.comparableentity_property,False,False
1606,21413.0,querydsl,com.querydsl.core.alias.pathfactorytest.createcomparablepath,False,False
1614,21421.0,querydsl,com.querydsl.core.alias.pathfactorytest.createlistpath,False,False
1616,21423.0,querydsl,com.querydsl.core.alias.pathfactorytest.createcollectionpath,False,False
1647,21454.0,querydsl,com.querydsl.core.group.groupbyiteratetest.onetoonetomany_projection,False,False
1650,21457.0,querydsl,com.querydsl.core.group.groupbymaptest.compile,False,False
1651,21458.0,querydsl,com.querydsl.core.group.groupbymaptest.group_order,False,False
1656,21463.0,querydsl,com.querydsl.core.group.groupbymaptest.nosuchelementexception,False,False
1659,21466.0,querydsl,com.querydsl.core.group.groupbymaptest.map_sorted,False,False
1666,21473.0,querydsl,com.querydsl.core.group.groupbymaptest.transform_via_groupbyprojection,False,False
1670,21477.0,querydsl,com.querydsl.core.group.groupbymaptest.onetoonetomany_projection_as_bean,False,False
1696,21505.0,querydsl,com.querydsl.lucene5.lucenequerytest.countdistinct,False,False
1753,21562.0,querydsl,com.querydsl.lucene5.lucenequerytest.list_not_sorted_offset_negative,False,False
1779,21590.0,querydsl,com.querydsl.lucene5.luceneserializertest.eq_numeric,False,False
1784,21595.0,querydsl,com.querydsl.lucene5.luceneserializertest.equals_ignore_case_and_or,False,False
1786,21597.0,querydsl,com.querydsl.lucene5.luceneserializertest.eq_phrase,False,False
1787,21598.0,querydsl,com.querydsl.lucene5.luceneserializertest.publisher_equals_empty_string,False,False
1805,21616.0,querydsl,com.querydsl.lucene5.luceneserializertest.contains,False,False
1808,21619.0,querydsl,com.querydsl.lucene5.luceneserializertest.between,False,False
1812,21623.0,querydsl,com.querydsl.lucene5.luceneserializertest.between_is_inclusive_from_start,False,False
1816,21627.0,querydsl,com.querydsl.lucene5.luceneserializertest.lt,False,False
1825,21636.0,querydsl,com.querydsl.lucene5.luceneserializertest.loe_equal,False,False
1827,21638.0,querydsl,com.querydsl.lucene5.luceneserializertest.loe_numeric_double_equal,False,False
1843,21654.0,querydsl,com.querydsl.lucene5.luceneserializertest.goe_not_found,False,False
1857,21668.0,querydsl,com.querydsl.lucene5.luceneserializertest.pathany,False,False
1859,21670.0,querydsl,com.querydsl.lucene5.luceneserializertest.various,False,False
1890,21701.0,querydsl,com.querydsl.apt.domain.simpletypestest.skipped_field2,False,False
1895,21707.0,querydsl,com.querydsl.apt.booleanextensionstest.process2,False,False
1898,21710.0,querydsl,com.querydsl.apt.genericexportertest.execute3,False,False
1902,21714.0,querydsl,com.querydsl.apt.entityextensionstest.getaptoptions,False,False
1913,21725.0,querydsl,com.querydsl.apt.querydslannotationprocessortest.process_abstractclasses2,False,False
3,19758.0,querydsl,com.querydsl.jpa.jpqlserializertest.and_or,False,False
4,19759.0,querydsl,com.querydsl.jpa.jpqlserializertest.case1,False,False
6,19761.0,querydsl,com.querydsl.jpa.jpqlserializertest.case2,False,False
7,19762.0,querydsl,com.querydsl.jpa.jpqlserializertest.case2_hibernate,False,False
8,19763.0,querydsl,com.querydsl.jpa.jpqlserializertest.count,False,False
45,19801.0,querydsl,com.querydsl.jpa.jpaqueryfactorytest.query,False,False
53,19809.0,querydsl,com.querydsl.jpa.jpaqueryfactorytest.update2,False,False
55,19811.0,querydsl,com.querydsl.jpa.jpacollectionanyvisitortest.path,False,False
57,19813.0,querydsl,com.querydsl.jpa.jpacollectionanyvisitortest.nested_any_booleanoperation,False,False
63,19819.0,querydsl,com.querydsl.jpa.jpacollectionanyvisitortest.template,False,False
64,19820.0,querydsl,com.querydsl.jpa.jpacollectionanyvisitortest.cast,False,False
70,19827.0,querydsl,com.querydsl.jpa.jpqlquerytest.leftjoinpentityofppentityofp,False,False
101,19862.0,querydsl,com.querydsl.collections.animaltest.cast,False,False
118,19880.0,querydsl,com.querydsl.collections.collquerytest.clone_,False,False
132,19894.0,querydsl,com.querydsl.collections.cattest.stringassimple,False,False
141,19903.0,querydsl,com.querydsl.collections.ordertest.with_null,False,False
143,19905.0,querydsl,com.querydsl.collections.entitywithlongidtest.simpleequals,False,False
183,19947.0,querydsl,com.querydsl.collections.serializationtest.onesource_list,False,False
187,19951.0,querydsl,com.querydsl.collections.serializationtest.onesource_filteredlist,False,False
188,19952.0,querydsl,com.querydsl.collections.serializationtest.onesource_projectedlist,False,False
190,19954.0,querydsl,com.querydsl.collections.serializationtest.onesource_filtered_projectedlist,False,False
220,19986.0,querydsl,com.querydsl.sql.sqllistenerstest.notifyquery_detailedlistener_start,False,False
224,19990.0,querydsl,com.querydsl.sql.sqlserializertest.countdistinct_postgresql,False,False
244,20010.0,querydsl,com.querydsl.sql.sqlserializertest.complex_subquery,False,False
253,20019.0,querydsl,com.querydsl.sql.sqlserializertest.query,False,False
258,20024.0,querydsl,com.querydsl.sql.sqlbindingstest.params,False,False
288,20054.0,querydsl,com.querydsl.sql.db2templatestest.createtemplates,False,False
296,20062.0,querydsl,com.querydsl.sql.jdbctypemappingtest.numericoverriden,False,False
298,20064.0,querydsl,com.querydsl.sql.jdbctypemappingtest.numericoverriden3,False,False
303,20069.0,querydsl,com.querydsl.sql.sqltemplatestest.quote,False,False
308,20074.0,querydsl,com.querydsl.sql.withingrouptest.tostring,False,False
309,20075.0,querydsl,com.querydsl.sql.withingrouptest.all,False,False
312,20078.0,querydsl,com.querydsl.sql.relationalfunctioncalltest.noargs,False,False
325,20091.0,querydsl,com.querydsl.sql.teradatatemplatestest.orderby_limit,False,False
338,20104.0,querydsl,com.querydsl.sql.derbytemplatestest.createtemplates,False,False
348,20114.0,querydsl,com.querydsl.sql.configurationtest.set_null,False,False
355,20122.0,querydsl,com.querydsl.sql.sqlqueryfactorytest.get,False,False
371,20138.0,querydsl,com.querydsl.sql.qbeantest.direct_to_custom_type,False,False
373,20140.0,querydsl,com.querydsl.sql.qbeantest.alias_to_custom_type,False,False
376,20145.0,querydsl,com.querydsl.sql.windowfunctiontest.tostring,False,False
381,20150.0,querydsl,com.querydsl.sql.windowfunctiontest.rows_between,False,False
382,20151.0,querydsl,com.querydsl.sql.windowfunctiontest.rows_unboundedpreceding,False,False
385,20154.0,querydsl,com.querydsl.sql.windowfunctiontest.keep_first,False,False
401,20170.0,querydsl,com.querydsl.sql.serializationtest.union2,False,False
406,20175.0,querydsl,com.querydsl.sql.serializationtest.with_singlecolumn,False,False
418,20188.0,querydsl,com.querydsl.sql.oracle.oraclequeryfactorytest.merge,False,False
423,20194.0,querydsl,com.querydsl.sql.oracle.oraclequerytest.ordersiblingsby,False,False
425,20196.0,querydsl,com.querydsl.sql.oracle.oraclequerytest.tostring,False,False
446,20217.0,querydsl,com.querydsl.sql.types.jsr310offsettimetypetest.set,False,False
450,20221.0,querydsl,com.querydsl.sql.types.jsr310localdatetimetypetest.jodaset,False,False
465,20236.0,querydsl,com.querydsl.sql.types.abstractjsr310datetimetypetest.get_cst,False,False
472,20243.0,querydsl,com.querydsl.sql.types.jsr310instanttypetest.get,False,False
476,20247.0,querydsl,com.querydsl.sql.types.jsr310localdatetypetest.get,False,False
478,20249.0,querydsl,com.querydsl.sql.types.jsr310offsetdatetimetypetest.set,False,False
487,20259.0,querydsl,com.querydsl.sql.postgresql.postgresqlqueryfactorytest.merge,False,False
488,20261.0,querydsl,com.querydsl.sql.postgresql.postgresqlquerytest.syntax,False,False
494,20267.0,querydsl,com.querydsl.sql.dml.sqldeleteclausetest.noconnection,False,False
514,20288.0,querydsl,com.querydsl.sql.dml.sqlinsertclausetest.getsql,False,False
528,20303.0,querydsl,com.querydsl.sql.mysql.mysqlqueryfactorytest.insertonduplicatekeyupdate_null,False,False
530,20305.0,querydsl,com.querydsl.sql.mysql.mysqlqueryfactorytest.update,False,False
538,20314.0,querydsl,com.querydsl.sql.mysql.mysqlquerytest.straightjoin,False,False
576,20357.0,querydsl,com.querydsl.sql.codegen.metadataexportertest.minimal_configuration_with_duplicate_tables,False,False
583,20364.0,querydsl,com.querydsl.sql.codegen.metadataexportertest.test,False,False
604,20389.0,querydsl,com.querydsl.sql.codegen.ant.antmetadataexportertest.execute,False,False
605,20390.0,querydsl,com.querydsl.sql.codegen.ant.antmetadataexportertest.execute_with_beans,False,False
619,20404.0,querydsl,com.querydsl.lucene4.lucenequerytest.createdocument,False,False
620,20406.0,querydsl,com.querydsl.lucene4.lucenequerytest.createwriter,False,False
647,20434.0,querydsl,com.querydsl.lucene4.lucenequerytest.list_sorted_descending_by_year_and_descending_by_title,False,False
662,20449.0,querydsl,com.querydsl.lucene4.lucenequerytest.unique_result_takes_limit,False,False
666,20453.0,querydsl,com.querydsl.lucene4.lucenequerytest.unique_result_considers_limit_and_offset,False,False
676,20463.0,querydsl,com.querydsl.lucene4.lucenequerytest.listresults,False,False
686,20473.0,querydsl,com.querydsl.lucene4.lucenequerytest.list_not_sorted_offset_0,False,False
694,20483.0,querydsl,com.querydsl.lucene4.luceneserializertest.testquery,False,False
701,20490.0,querydsl,com.querydsl.lucene4.luceneserializertest.like_or_like,False,False
715,20504.0,querydsl,com.querydsl.lucene4.luceneserializertest.equals_ignore_case_and_or,False,False
719,20508.0,querydsl,com.querydsl.lucene4.luceneserializertest.eq_phrase_should_not_find_results_but_lucene_semantics_differs_from_querydsls,False,False
722,20511.0,querydsl,com.querydsl.lucene4.luceneserializertest.title_equals_ignore_case_negation_or_rating_equals_ignore_case,False,False
734,20523.0,querydsl,com.querydsl.lucene4.luceneserializertest.ends_with_ignore_case_phrase,False,False
785,20574.0,querydsl,com.querydsl.lucene4.luceneserializertest.fuzzy,False,False
791,20580.0,querydsl,com.querydsl.mongodb.domain.usertest.map,False,False
796,20585.0,querydsl,com.querydsl.mongodb.mongodbserializertest.propertyannotation,False,False
798,20587.0,querydsl,com.querydsl.mongodb.mongodbserializertest.collectionany,False,False
804,20593.0,querydsl,com.querydsl.mongodb.mongodbserializertest.between,False,False
807,20596.0,querydsl,com.querydsl.mongodb.mongodbserializertest.notin,False,False
808,20597.0,querydsl,com.querydsl.mongodb.mongodbserializertest.orderby,False,False
821,20610.0,querydsl,com.querydsl.maven.jpaexportermojotest.execute,False,False
851,20641.0,querydsl,com.querydsl.codegen.querytypefactorytest.prefix_only,False,False
858,20648.0,querydsl,com.querydsl.codegen.classpathutilstest.safeforname,False,False
891,20683.0,querydsl,com.querydsl.codegen.entityserializertest.delegates,False,False
896,20689.0,querydsl,com.querydsl.codegen.beanserializertest.interfaces,False,False
899,20692.0,querydsl,com.querydsl.codegen.beanserializertest.fullconstructor,False,False
905,20699.0,querydsl,com.querydsl.codegen.typefactorytest.orderbys,False,False
916,20710.0,querydsl,com.querydsl.codegen.typefactorytest.extends_,False,False
917,20711.0,querydsl,com.querydsl.codegen.typefactorytest.classname,False,False
918,20712.0,querydsl,com.querydsl.codegen.typefactorytest.blob,False,False
927,20721.0,querydsl,com.querydsl.codegen.codegenmoduletest.get_with_unknown_key,False,False
932,20727.0,querydsl,com.querydsl.hibernate.search.searchquerytest.exists,False,False
936,20731.0,querydsl,com.querydsl.hibernate.search.searchquerytest.list,False,True
948,20744.0,querydsl,com.querydsl.example.sql.repository.tweetrepositorytest.save_and_find_by_username,False,False
958,20755.0,querydsl,com.querydsl.example.jpa.repository.userrepositorytest.save_and_get_by_id,False,False
965,20762.0,querydsl,com.querydsl.example.dao.productdaotest.findbyid,False,False
972,20769.0,querydsl,com.querydsl.example.dao.supplierdaotest.findall,False,False
973,20770.0,querydsl,com.querydsl.example.dao.supplierdaotest.findbyid,False,False
989,20788.0,querydsl,com.querydsl.lucene3.lucenequerytest.exists,False,False
995,20794.0,querydsl,com.querydsl.lucene3.lucenequerytest.in2,False,False
1014,20813.0,querydsl,com.querydsl.lucene3.lucenequerytest.list_index_problem_in_max_doc,False,False
1017,20816.0,querydsl,com.querydsl.lucene3.lucenequerytest.load_list,False,False
1034,20833.0,querydsl,com.querydsl.lucene3.lucenequerytest.uniqueresult_with_param,False,False
1055,20854.0,querydsl,com.querydsl.lucene3.lucenequerytest.empty_index_should_return_empty_list,False,False
1059,20858.0,querydsl,com.querydsl.lucene3.luceneserializertest.createdocument,False,False
1080,20881.0,querydsl,com.querydsl.lucene3.luceneserializertest.eq_and_eq_and_eq,False,False
1091,20892.0,querydsl,com.querydsl.lucene3.luceneserializertest.eq_and_eq_not_does_not_find_results_because_second_expression_finds_nothing,False,False
1096,20897.0,querydsl,com.querydsl.lucene3.luceneserializertest.startswith,False,False
1105,20906.0,querydsl,com.querydsl.lucene3.luceneserializertest.between,False,False
1115,20916.0,querydsl,com.querydsl.lucene3.luceneserializertest.lt_numeric_double,False,False
1130,20931.0,querydsl,com.querydsl.lucene3.luceneserializertest.gt_numeric_double,False,False
1148,20949.0,querydsl,com.querydsl.lucene3.luceneserializertest.ends_with_empty_string,False,False
1170,20972.0,querydsl,com.querydsl.jdo.jdosqlquerytest.uniqueresult,False,False
1174,20976.0,querydsl,com.querydsl.jdo.jdosqlquerytest.eq_count,False,False
1179,20981.0,querydsl,com.querydsl.jdo.jdosqlquerytest.dopersist,False,False
1183,20985.0,querydsl,com.querydsl.jdo.groupbytest.dopersist,False,False
1188,20990.0,querydsl,com.querydsl.core.timeconstanttest.test,False,False
1223,21025.0,querydsl,com.querydsl.core.defaultquerymetadatatest.isdistinct,False,False
1226,21028.0,querydsl,com.querydsl.core.defaultquerymetadatatest.clone_,False,False
1231,21033.0,querydsl,com.querydsl.core.defaultquerymetadatatest.hashcode_empty_metadata,False,False
1248,21050.0,querydsl,com.querydsl.core.booleanbuildertest.constant_equals_booleanbuilder,False,False
1261,21063.0,querydsl,com.querydsl.core.util.beanutilstest.uncapitalize,False,False
1281,21083.0,querydsl,com.querydsl.core.util.nullsafecomparablecomparatortest.null_before_object,False,False
1295,21098.0,querydsl,com.querydsl.core.util.beanmaptest.containsvalueobject,False,False
1299,21102.0,querydsl,com.querydsl.core.util.beanmaptest.values,False,False
1300,21103.0,querydsl,com.querydsl.core.util.beanmaptest.gettype,False,False
1323,21126.0,querydsl,com.querydsl.core.types.qmaptest.tuple_equals,False,False
1329,21132.0,querydsl,com.querydsl.core.types.mappingprojectiontest.map,False,False
1335,21138.0,querydsl,com.querydsl.core.types.constructorexpressiontest.constructor,False,False
1345,21148.0,querydsl,com.querydsl.core.types.constructorexpressiontest.run,False,False
1349,21152.0,querydsl,com.querydsl.core.types.templatetest.operationconst,False,False
1366,21169.0,querydsl,com.querydsl.core.types.expressionutilstest.regextolike,False,False
1376,21179.0,querydsl,com.querydsl.core.types.expressionutilstest.in,False,False
1383,21186.0,querydsl,com.querydsl.core.types.expressionutilstest.notinany,False,False
1384,21187.0,querydsl,com.querydsl.core.types.expressionutilstest.notin_subquery,False,False
1411,21216.0,querydsl,com.querydsl.core.types.qbeantest.with_nested_factoryexpression2,False,False
1412,21217.0,querydsl,com.querydsl.core.types.qbeantest.supertype_population,False,False
1416,21221.0,querydsl,com.querydsl.core.types.serializationtest.expressions,False,False
1452,21259.0,querydsl,com.querydsl.core.types.dsl.expressionstest.comparablepathclassoftpathofqstring,False,False
1464,21271.0,querydsl,com.querydsl.core.types.dsl.expressionstest.booleanpathstring,False,False
1472,21279.0,querydsl,com.querydsl.core.types.dsl.expressionstest.asboolean_returns_a_corresponding_booleanexpression_for_a_given_expression,False,False
1475,21282.0,querydsl,com.querydsl.core.types.dsl.expressionstest.ascomparable_returns_a_corresponding_comparableexpression_for_a_given_constant,False,False
1476,21283.0,querydsl,com.querydsl.core.types.dsl.expressionstest.asdate_returns_a_corresponding_dateexpression_for_a_given_expression,False,False
1484,21291.0,querydsl,com.querydsl.core.types.dsl.expressionstest.asnumber_returns_a_corresponding_numberexpression_for_a_given_expression,False,False
1486,21293.0,querydsl,com.querydsl.core.types.dsl.expressionstest.asstring_returns_a_corresponding_stringexpression_for_a_given_expression,False,False
1495,21302.0,querydsl,com.querydsl.core.types.dsl.coalescetest.withoutwarnings,False,False
1503,21310.0,querydsl,com.querydsl.core.types.dsl.pathbuildertest.getbyexample,False,False
1521,21328.0,querydsl,com.querydsl.core.types.dsl.mappathtest.getkeytype,False,False
1526,21333.0,querydsl,com.querydsl.core.types.dsl.listpathtest.tostring_,False,False
1529,21336.0,querydsl,com.querydsl.core.types.dsl.numberpathtest.bytepath_in,False,False
1536,21343.0,querydsl,com.querydsl.core.types.dsl.pathtest.various,False,False
1550,21357.0,querydsl,com.querydsl.core.types.dsl.beanpathtest.createenum,False,False
1558,21365.0,querydsl,com.querydsl.core.types.dsl.booleanexpressiontest.orallof,False,False
1583,21390.0,querydsl,com.querydsl.core.support.collectionanyvisitortest.simple_stringoperation,False,False
1595,21402.0,querydsl,com.querydsl.core.alias.aliastest.alias,False,False
1605,21412.0,querydsl,com.querydsl.core.alias.pathfactorytest.createsimplepath,False,False
1620,21427.0,querydsl,com.querydsl.core.group.groupbylisttest.first_set_and_list,False,False
1624,21431.0,querydsl,com.querydsl.core.group.groupbylisttest.map1,False,False
1626,21433.0,querydsl,com.querydsl.core.group.groupbylisttest.map3,False,False
1632,21439.0,querydsl,com.querydsl.core.group.groupbylisttest.onetoonetomany_projection_as_bean,False,False
1637,21444.0,querydsl,com.querydsl.core.group.groupbyiteratetest.nosuchelementexception,False,False
1653,21460.0,querydsl,com.querydsl.core.group.groupbymaptest.set_by_sorted_reverse,False,False
1685,21492.0,querydsl,com.querydsl.lucene5.phraseelementtest.hashcode_,False,False
1725,21534.0,querydsl,com.querydsl.lucene5.lucenequerytest.single_result_takes_limit,False,False
1727,21536.0,querydsl,com.querydsl.lucene5.lucenequerytest.single_result_returns_null_if_nothing_is_in_range,False,False
1732,21541.0,querydsl,com.querydsl.lucene5.lucenequerytest.unique_result_considers_limit_and_actual_result_size,False,False
1734,21543.0,querydsl,com.querydsl.lucene5.lucenequerytest.unique_result_considers_offset,False,False
1740,21549.0,querydsl,com.querydsl.lucene5.lucenequerytest.uniqueresult_finds_no_results,False,False
1743,21552.0,querydsl,com.querydsl.lucene5.lucenequerytest.count_returns_0_because_no_documents_in_index,False,False
1754,21563.0,querydsl,com.querydsl.lucene5.lucenequerytest.list_sorted_ascending_offset_0,False,False
1757,21566.0,querydsl,com.querydsl.lucene5.lucenequerytest.all_by_excluding_where,False,False
1773,21584.0,querydsl,com.querydsl.lucene5.luceneserializertest.eq_with_deep_path,False,False
1774,21585.0,querydsl,com.querydsl.lucene5.luceneserializertest.fuzzylike,False,False
1788,21599.0,querydsl,com.querydsl.lucene5.luceneserializertest.eq_phrase_should_not_find_results_but_lucene_semantics_differs_from_querydsls,False,False
1790,21601.0,querydsl,com.querydsl.lucene5.luceneserializertest.like_not_does_not_find_results,False,False
1799,21610.0,querydsl,com.querydsl.lucene5.luceneserializertest.startswith,False,False
1804,21615.0,querydsl,com.querydsl.lucene5.luceneserializertest.ends_with_ignore_case_phrase_does_not_find_results,False,False
1822,21633.0,querydsl,com.querydsl.lucene5.luceneserializertest.loe,False,False
1831,21642.0,querydsl,com.querydsl.lucene5.luceneserializertest.gt,False,False
1836,21647.0,querydsl,com.querydsl.lucene5.luceneserializertest.gt_numeric_double_not_in_range_because_equal,False,False
1846,21657.0,querydsl,com.querydsl.lucene5.luceneserializertest.equals_empty_string,False,False
1854,21665.0,querydsl,com.querydsl.lucene5.luceneserializertest.fuzzy,False,False
1861,21672.0,querydsl,com.querydsl.apt.domain.innerextensionstest.process,False,False
1874,21685.0,querydsl,com.querydsl.apt.domain.persontest.test,False,False
1884,21695.0,querydsl,com.querydsl.apt.domain.simpletypestest.simple_types,False,False
1886,21697.0,querydsl,com.querydsl.apt.domain.simpletypestest.custom_comparableliteral,False,False
1893,21705.0,querydsl,com.querydsl.apt.integerextensionstest.process,False,False
1915,21727.0,querydsl,com.querydsl.apt.querydslannotationprocessortest.process_abstractproperties2test,False,False
2,19757.0,querydsl,com.querydsl.jpa.hibernatequerytest.innerjoin,False,False
9,19764.0,querydsl,com.querydsl.jpa.jpqlserializertest.fromwithcustomentityname,False,False
13,19768.0,querydsl,com.querydsl.jpa.jpqlserializertest.delete_with_subquery,False,False
37,19792.0,querydsl,com.querydsl.jpa.jpaquerymixintest.orderby_long_reuse,False,False
48,19804.0,querydsl,com.querydsl.jpa.jpaqueryfactorytest.from,False,False
56,19812.0,querydsl,com.querydsl.jpa.jpacollectionanyvisitortest.longer_path,False,False
68,19825.0,querydsl,com.querydsl.jpa.jpqlquerytest.joinpentityofppentityofp,False,False
104,19866.0,querydsl,com.querydsl.collections.aliastest.aliasvariations2,False,False
108,19870.0,querydsl,com.querydsl.collections.aliastest.various3,False,False
144,19906.0,querydsl,com.querydsl.collections.entitywithlongidtest.cartesianequals,False,False
148,19910.0,querydsl,com.querydsl.collections.colldeleteclausetest.execute,False,False
153,19915.0,querydsl,com.querydsl.collections.groupbytest.group_avg,False,False
177,19941.0,querydsl,com.querydsl.collections.documenttest.test1,False,False
208,19974.0,querydsl,com.querydsl.sql.relationalpathtest.path,False,False
254,20020.0,querydsl,com.querydsl.sql.sqlserializertest.queryformysqltemplate,False,False
262,20028.0,querydsl,com.querydsl.sql.sqlserver2012templatestest.nofrom,False,False
266,20032.0,querydsl,com.querydsl.sql.sqlserver2012templatestest.limitoffset,False,False
271,20037.0,querydsl,com.querydsl.sql.javatypemappingtest.gettype_with_subtypes,False,False
281,20047.0,querydsl,com.querydsl.sql.oracletemplatestest.modifiers,False,False
285,20051.0,querydsl,com.querydsl.sql.oracletemplatestest.precedence,False,False
289,20055.0,querydsl,com.querydsl.sql.db2templatestest.precedence,False,False
290,20056.0,querydsl,com.querydsl.sql.jdbctypemappingtest.get,False,False
320,20086.0,querydsl,com.querydsl.sql.sqlitetemplatestest.precedence,False,False
333,20099.0,querydsl,com.querydsl.sql.postgresqltemplatestest.createtemplates,False,False
339,20105.0,querydsl,com.querydsl.sql.derbytemplatestest.nextval,False,False
341,20107.0,querydsl,com.querydsl.sql.derbytemplatestest.booleantemplate,False,False
347,20113.0,querydsl,com.querydsl.sql.configurationtest.custom_type,False,False
353,20119.0,querydsl,com.querydsl.sql.configurationtest.numericoverriden,False,False
357,20124.0,querydsl,com.querydsl.sql.sqlqueryfactorytest.from,False,False
361,20128.0,querydsl,com.querydsl.sql.sqlqueryfactorytest.merge,False,False
362,20129.0,querydsl,com.querydsl.sql.qpersontest.populate,False,False
366,20133.0,querydsl,com.querydsl.sql.columnmetadatatest.defaultcolumn,False,False
370,20137.0,querydsl,com.querydsl.sql.qbeantest.direct_to_managed_type,False,False
372,20139.0,querydsl,com.querydsl.sql.qbeantest.alias_to_managed_type,False,False
384,20153.0,querydsl,com.querydsl.sql.windowfunctiontest.rows_precedingrow,False,False
388,20157.0,querydsl,com.querydsl.sql.serializationtest.leftjoin,False,False
393,20162.0,querydsl,com.querydsl.sql.serializationtest.insert,False,False
402,20171.0,querydsl,com.querydsl.sql.serializationtest.with,False,False
409,20178.0,querydsl,com.querydsl.sql.mysqltemplatestest.order_nullsfirst,False,False
420,20191.0,querydsl,com.querydsl.sql.oracle.oraclequerytest.connectby,False,False
421,20192.0,querydsl,com.querydsl.sql.oracle.oraclequerytest.connectbynocycleprior,False,False
424,20195.0,querydsl,com.querydsl.sql.oracle.oraclequerytest.rownum,False,False
456,20227.0,querydsl,com.querydsl.sql.types.abstractjsr310datetimetypetest.tojoda,False,False
464,20235.0,querydsl,com.querydsl.sql.types.abstractjsr310datetimetypetest.set_iot,False,False
498,20272.0,querydsl,com.querydsl.sql.dml.beanmappertest.extract,False,False
524,20299.0,querydsl,com.querydsl.sql.mysql.mysqlqueryfactorytest.insertonduplicatekeyupdate,False,False
531,20306.0,querydsl,com.querydsl.sql.mysql.mysqlqueryfactorytest.merge,False,False
532,20308.0,querydsl,com.querydsl.sql.mysql.mysqlquerytest.syntax,False,False
534,20310.0,querydsl,com.querydsl.sql.mysql.mysqlquerytest.ignoreindex,False,False
539,20315.0,querydsl,com.querydsl.sql.mysql.mysqlquerytest.smallresult,False,False
544,20320.0,querydsl,com.querydsl.sql.mysql.mysqlquerytest.calcfoundrows,False,False
547,20323.0,querydsl,com.querydsl.sql.mysql.mysqlquerytest.forupdate_with_limit,False,False
551,20327.0,querydsl,com.querydsl.sql.mysql.mysqlquerytest.lockinsharemode,False,False
561,20339.0,querydsl,com.querydsl.sql.codegen.defaultnamingstrategytest.getpropertynameforinverseforeignkey,False,False
567,20345.0,querydsl,com.querydsl.sql.codegen.defaultnamingstrategytest.validname,False,False
569,20348.0,querydsl,com.querydsl.sql.codegen.metadataexportertest.createtables,False,False
571,20352.0,querydsl,com.querydsl.sql.codegen.metadataexportertest.explicit_configuration,False,False
594,20377.0,querydsl,com.querydsl.sql.codegen.metadataserializertest.getvalue,False,False
600,20384.0,querydsl,com.querydsl.sql.codegen.originalnamingstrategytest.getpropertyname_with_dashes,False,False
603,20387.0,querydsl,com.querydsl.sql.codegen.originalnamingstrategytest.getdefaultvariablename,False,False
627,20414.0,querydsl,com.querydsl.lucene4.lucenequerytest.countdistinct,False,False
630,20417.0,querydsl,com.querydsl.lucene4.lucenequerytest.in_tostring,False,False
642,20429.0,querydsl,com.querydsl.lucene4.lucenequerytest.list_with_filter,False,False
651,20438.0,querydsl,com.querydsl.lucene4.lucenequerytest.load_list,False,False
658,20445.0,querydsl,com.querydsl.lucene4.lucenequerytest.single_result_returns_null_if_nothing_is_in_range,False,False
659,20446.0,querydsl,com.querydsl.lucene4.lucenequerytest.single_result_considers_offset,False,False
669,20456.0,querydsl,com.querydsl.lucene4.lucenequerytest.uniqueresult_param_not_set,False,False
681,20468.0,querydsl,com.querydsl.lucene4.lucenequerytest.list_sorted_ascending_limit_0,False,False
688,20475.0,querydsl,com.querydsl.lucene4.lucenequerytest.all_by_excluding_where,False,False
708,20497.0,querydsl,com.querydsl.lucene4.luceneserializertest.eq_numeric_integer,False,False
720,20509.0,querydsl,com.querydsl.lucene4.luceneserializertest.eq_phrase_does_not_find_results_because_word_in_middle,False,False
726,20515.0,querydsl,com.querydsl.lucene4.luceneserializertest.not_equals_finds_one,False,False
727,20516.0,querydsl,com.querydsl.lucene4.luceneserializertest.not_equals_finds_none,False,False
745,20534.0,querydsl,com.querydsl.lucene4.luceneserializertest.between_does_not_find_results,False,False
757,20546.0,querydsl,com.querydsl.lucene4.luceneserializertest.loe_numeric_integer_equal,False,False
766,20555.0,querydsl,com.querydsl.lucene4.luceneserializertest.gt_numeric_integer_not_in_range_because_equal,False,False
767,20556.0,querydsl,com.querydsl.lucene4.luceneserializertest.gt_numeric_double_not_in_range_because_equal,False,False
779,20568.0,querydsl,com.querydsl.lucene4.luceneserializertest.contains_empty_string,False,False
784,20573.0,querydsl,com.querydsl.lucene4.luceneserializertest.booleanbuilder,False,False
787,20576.0,querydsl,com.querydsl.lucene4.luceneserializertest.boost,False,False
800,20589.0,querydsl,com.querydsl.mongodb.mongodbserializertest.collectionisnotempty,False,False
817,20606.0,querydsl,com.querydsl.mongodb.mongodbserializertest.assertquery,False,False
822,20611.0,querydsl,com.querydsl.maven.compilemojotest.test,False,False
826,20616.0,querydsl,com.querydsl.maven.metadataexportmojotest.execute_with_jodatypes,False,False
841,20631.0,querydsl,com.querydsl.codegen.embeddableserializertest.originalcategory,False,False
880,20672.0,querydsl,com.querydsl.codegen.propertytest.escapedname,False,False
884,20676.0,querydsl,com.querydsl.codegen.entityserializertest.no_package,False,False
901,20695.0,querydsl,com.querydsl.codegen.groovybeanserializertest.properties,False,False
913,20707.0,querydsl,com.querydsl.codegen.typefactorytest.generics_wildcard,False,False
919,20713.0,querydsl,com.querydsl.codegen.typefactorytest.boolean_,False,False
934,20729.0,querydsl,com.querydsl.hibernate.search.searchquerytest.count,True,False
954,20751.0,querydsl,com.querydsl.example.sql.guice.connectioncontexttest.get_connection,False,False
957,20754.0,querydsl,com.querydsl.example.jpa.repository.tweetrepositorytest.find_list_by_complex_predicate,False,False
969,20766.0,querydsl,com.querydsl.example.dao.persondaotest.findbyid,False,False
974,20771.0,querydsl,com.querydsl.example.dao.supplierdaotest.update,False,False
990,20789.0,querydsl,com.querydsl.lucene3.lucenequerytest.notexists,False,False
1007,20806.0,querydsl,com.querydsl.lucene3.lucenequerytest.list_distinct_property,False,False
1022,20821.0,querydsl,com.querydsl.lucene3.lucenequerytest.single_result_takes_limit,False,False
1029,20828.0,querydsl,com.querydsl.lucene3.lucenequerytest.unique_result_considers_limit_and_actual_result_size,False,False
1037,20836.0,querydsl,com.querydsl.lucene3.lucenequerytest.uniqueresult_finds_no_results,False,False
1039,20838.0,querydsl,com.querydsl.lucene3.lucenequerytest.uniqueresult_sorted_index_problem_in_max_doc,False,False
1040,20839.0,querydsl,com.querydsl.lucene3.lucenequerytest.count_returns_0_because_no_documents_in_index,False,False
1057,20856.0,querydsl,com.querydsl.lucene3.lucenequerytest.limit_max_value,False,False
1061,20862.0,querydsl,com.querydsl.lucene3.luceneserializertest.testquery,False,False
1067,20868.0,querydsl,com.querydsl.lucene3.luceneserializertest.like_or_like,False,False
1102,20903.0,querydsl,com.querydsl.lucene3.luceneserializertest.contains,False,False
1113,20914.0,querydsl,com.querydsl.lucene3.luceneserializertest.lt,False,False
1122,20923.0,querydsl,com.querydsl.lucene3.luceneserializertest.loe_equal,False,False
1131,20932.0,querydsl,com.querydsl.lucene3.luceneserializertest.gt_not_in_range_because_equal,False,False
1140,20941.0,querydsl,com.querydsl.lucene3.luceneserializertest.goe_not_found,False,False
1143,20944.0,querydsl,com.querydsl.lucene3.luceneserializertest.equals_empty_string,False,False
1153,20954.0,querydsl,com.querydsl.lucene3.luceneserializertest.boost,False,False
1171,20973.0,querydsl,com.querydsl.jdo.jdosqlquerytest.singleresult,False,False
1184,20986.0,querydsl,com.querydsl.jdo.querymutabilitytest.querymutability,False,False
1187,20989.0,querydsl,com.querydsl.core.datetimeconstanttest.test,False,False
1189,20991.0,querydsl,com.querydsl.core.queryresultstest.getresults,False,False
1195,20997.0,querydsl,com.querydsl.core.dateconstanttest.test,False,False
1200,21002.0,querydsl,com.querydsl.core.querymodifierstest.hashcode_,False,False
1214,21016.0,querydsl,com.querydsl.core.defaultquerymetadatatest.getjoins,False,False
1234,21036.0,querydsl,com.querydsl.core.booleanbuildertest.and_any_of,False,False
1238,21040.0,querydsl,com.querydsl.core.booleanbuildertest.wrapped_booleanbuilder,False,False
1265,21067.0,querydsl,com.querydsl.core.util.multiiteratortest.threelevels,False,False
1266,21068.0,querydsl,com.querydsl.core.util.multiiteratortest.fourlevels,False,False
1267,21069.0,querydsl,com.querydsl.core.util.multiiteratortest.fourlevels2,False,False
1269,21071.0,querydsl,com.querydsl.core.util.multiiteratortest.assertiteratorequals,False,False
1293,21096.0,querydsl,com.querydsl.core.util.beanmaptest.putallwriteable,False,False
1294,21097.0,querydsl,com.querydsl.core.util.beanmaptest.containskeystring,False,False
1306,21109.0,querydsl,com.querydsl.core.types.javatemplatestest.precedence,False,False
1315,21118.0,querydsl,com.querydsl.core.types.predicateoperationtest.not,False,False
1320,21123.0,querydsl,com.querydsl.core.types.qmaptest.nestedprojection_getargs2,False,False
1324,21127.0,querydsl,com.querydsl.core.types.qmaptest.tuple_hashcode,False,False
1325,21128.0,querydsl,com.querydsl.core.types.qmaptest.null_value,False,False
1328,21131.0,querydsl,com.querydsl.core.types.mappingprojectiontest.single_arg,False,False
1333,21136.0,querydsl,com.querydsl.core.types.paramtest.anon,False,False
1338,21141.0,querydsl,com.querydsl.core.types.constructorexpressiontest.create3,False,False
1344,21147.0,querydsl,com.querydsl.core.types.constructorexpressiontest.threadsafety,False,False
1354,21157.0,querydsl,com.querydsl.core.types.projectionstest.constructor,False,False
1357,21160.0,querydsl,com.querydsl.core.types.projectionstest.constructor_varargs3,False,False
1369,21172.0,querydsl,com.querydsl.core.types.expressionutilstest.regextolike_fail3,False,False
1371,21174.0,querydsl,com.querydsl.core.types.expressionutilstest.regex,False,False
1397,21200.0,querydsl,com.querydsl.core.types.qtupletest.newinstance,False,False
1405,21210.0,querydsl,com.querydsl.core.types.qbeantest.with_class_and_exprs,False,False
1406,21211.0,querydsl,com.querydsl.core.types.qbeantest.with_path_and_exprs,False,False
1417,21222.0,querydsl,com.querydsl.core.types.serializationtest.order,False,False
1424,21229.0,querydsl,com.querydsl.core.types.dsl.pathbuildervalidatortest.defaults,False,False
1429,21234.0,querydsl,com.querydsl.core.types.dsl.pathinitstest.wildcard,False,False
1431,21236.0,querydsl,com.querydsl.core.types.dsl.pathinitstest.deep_wildcard,False,False
1434,21241.0,querydsl,com.querydsl.core.types.dsl.expressionstest.as,False,False
1467,21274.0,querydsl,com.querydsl.core.types.dsl.expressionstest.comparableoperation,False,False
1474,21281.0,querydsl,com.querydsl.core.types.dsl.expressionstest.ascomparable_returns_a_corresponding_comparableexpression_for_a_given_expression,False,False
1479,21286.0,querydsl,com.querydsl.core.types.dsl.expressionstest.asdatetime_returns_a_corresponding_datetimeexpression_for_a_given_constant,False,False
1487,21294.0,querydsl,com.querydsl.core.types.dsl.expressionstest.asstring_returns_a_corresponding_stringexpression_for_a_given_constant,False,False
1500,21307.0,querydsl,com.querydsl.core.types.dsl.coalescetest.desc,False,False
1501,21308.0,querydsl,com.querydsl.core.types.dsl.arraypathtest.get,False,False
1518,21325.0,querydsl,com.querydsl.core.types.dsl.pathbuilderfactorytest.create,False,False
1537,21344.0,querydsl,com.querydsl.core.types.dsl.pathtest.parent_path,False,False
1555,21362.0,querydsl,com.querydsl.core.types.dsl.booleanexpressiontest.allof_with_nulls,False,False
1561,21368.0,querydsl,com.querydsl.core.types.dsl.booleanexpressiontest.isfalse,False,False
1563,21370.0,querydsl,com.querydsl.core.support.orderedquerymetadatatest.addjoin,False,False
1590,21397.0,querydsl,com.querydsl.core.support.enumconversiontest.illegal,False,False
1613,21420.0,querydsl,com.querydsl.core.alias.pathfactorytest.createstringpath,False,False
1621,21428.0,querydsl,com.querydsl.core.group.groupbylisttest.group_by_null,False,False
1635,21442.0,querydsl,com.querydsl.core.group.groupbyiteratetest.first_set_and_list,False,False
1642,21449.0,querydsl,com.querydsl.core.group.groupbyiteratetest.map3,False,False
1644,21451.0,querydsl,com.querydsl.core.group.groupbyiteratetest.array_access,False,False
1671,21478.0,querydsl,com.querydsl.core.group.groupbymaptest.onetoonetomany_projection_as_bean_and_constructor,False,False
1674,21481.0,querydsl,com.querydsl.sql.spatial.jgeometryconvertertest.polygon,False,False
1692,21501.0,querydsl,com.querydsl.lucene5.lucenequerytest.exists,False,False
1697,21506.0,querydsl,com.querydsl.lucene5.lucenequerytest.in,False,False
1700,21509.0,querydsl,com.querydsl.lucene5.lucenequerytest.list_sorted_by_year_ascending,False,False
1704,21513.0,querydsl,com.querydsl.lucene5.lucenequerytest.list_sorted_by_year_limit_1,False,False
1705,21514.0,querydsl,com.querydsl.lucene5.lucenequerytest.list_not_sorted_offset_2,False,False
1722,21531.0,querydsl,com.querydsl.lucene5.lucenequerytest.load_singleresult,False,False
1726,21535.0,querydsl,com.querydsl.lucene5.lucenequerytest.single_result_considers_limit_and_actual_result_size,False,False
1737,21546.0,querydsl,com.querydsl.lucene5.lucenequerytest.uniqueresult_with_param,False,False
1745,21554.0,querydsl,com.querydsl.lucene5.lucenequerytest.listresults,False,False
1758,21567.0,querydsl,com.querydsl.lucene5.lucenequerytest.empty_index_should_return_empty_list,False,False
1762,21571.0,querydsl,com.querydsl.lucene5.luceneserializertest.createdocument,False,False
1764,21575.0,querydsl,com.querydsl.lucene5.luceneserializertest.testquery,False,False
1767,21578.0,querydsl,com.querydsl.lucene5.luceneserializertest.like_custom_wildcard_single_character,False,False
1768,21579.0,querydsl,com.querydsl.lucene5.luceneserializertest.like_custom_wildcard_multiple_character,False,False
1791,21602.0,querydsl,com.querydsl.lucene5.luceneserializertest.title_equals_ignore_case_negation_or_rating_equals_ignore_case,False,False
1796,21607.0,querydsl,com.querydsl.lucene5.luceneserializertest.not_equals_finds_none,False,False
1807,21618.0,querydsl,com.querydsl.lucene5.luceneserializertest.contains_user_inputted_wildcards_dont_work,False,False
1814,21625.0,querydsl,com.querydsl.lucene5.luceneserializertest.between_does_not_find_results,False,False
1830,21641.0,querydsl,com.querydsl.lucene5.luceneserializertest.loe_numeric_double_not_found,False,False
1832,21643.0,querydsl,com.querydsl.lucene5.luceneserializertest.gt_numeric_integer,False,False
1860,21671.0,querydsl,com.querydsl.apt.domain.animaltest.properties_are_copied_from_super,False,False
1866,21677.0,querydsl,com.querydsl.apt.domain.delegatetest.user,False,False
1876,21687.0,querydsl,com.querydsl.apt.domain.pathtest.test,False,False
1881,21692.0,querydsl,com.querydsl.apt.domain.entitytest.constructors2,False,False
1889,21700.0,querydsl,com.querydsl.apt.domain.simpletypestest.skipped_field1,False,False
1903,21715.0,querydsl,com.querydsl.apt.dateextensionstest.handles_date_extensions_correctly,False,False
12,19767.0,querydsl,com.querydsl.jpa.jpqlserializertest.delete_clause_uses_delete_from,False,False
30,19785.0,querydsl,com.querydsl.jpa.jpaquerymixintest.orderby,False,False
49,19805.0,querydsl,com.querydsl.jpa.jpaqueryfactorytest.delete,False,False
52,19808.0,querydsl,com.querydsl.jpa.jpaqueryfactorytest.update,False,False
80,19838.0,querydsl,com.querydsl.jpa.jpqltemplatestest.precedence,False,False
83,19841.0,querydsl,com.querydsl.jpa.orderhelpertest.order,False,False
86,19845.0,querydsl,com.querydsl.jpa.jpaprovidertest.invoke,False,False
88,19847.0,querydsl,com.querydsl.jpa.jpaprovidertest.eclipselink_for_proxy,False,False
128,19890.0,querydsl,com.querydsl.collections.multicomparatortest.evaluate,False,False
135,19897.0,querydsl,com.querydsl.collections.mappingprojectiontest.map,False,False
151,19913.0,querydsl,com.querydsl.collections.groupbytest.group_max,False,False
161,19923.0,querydsl,com.querydsl.collections.groupbytest.transform_as_bean,False,False
162,19924.0,querydsl,com.querydsl.collections.groupbytest.onetoonetomany_projection,False,False
163,19925.0,querydsl,com.querydsl.collections.groupbytest.onetoonetomany_projection_as_bean,False,False
174,19937.0,querydsl,com.querydsl.collections.jodatimetemplatestest.datetime,False,False
180,19944.0,querydsl,com.querydsl.collections.documenttest.test4,False,False
194,19958.0,querydsl,com.querydsl.collections.serializationtest.join_list,False,False
196,19960.0,querydsl,com.querydsl.collections.serializationtest.pairs,False,False
198,19962.0,querydsl,com.querydsl.sql.relationalpathextractortest.query,False,False
207,19973.0,querydsl,com.querydsl.sql.sqlcloselistenertest.iterate,False,False
212,19978.0,querydsl,com.querydsl.sql.sqlserver2005templatestest.union,False,False
213,19979.0,querydsl,com.querydsl.sql.sqlserver2005templatestest.limit,False,False
225,19991.0,querydsl,com.querydsl.sql.sqlserializertest.dynamicquery,False,False
248,20014.0,querydsl,com.querydsl.sql.sqlserializertest.withrecursive2,False,False
250,20016.0,querydsl,com.querydsl.sql.sqlserializertest.select_normalization,False,False
297,20063.0,querydsl,com.querydsl.sql.jdbctypemappingtest.numericoverriden2,False,False
329,20095.0,querydsl,com.querydsl.sql.sqlservertemplatestest.union,False,False
351,20117.0,querydsl,com.querydsl.sql.configurationtest.npewithnullparameterofchainednamemappingconstructor,False,False
365,20132.0,querydsl,com.querydsl.sql.schemaandtabletest.equalsandhashcode,False,False
368,20135.0,querydsl,com.querydsl.sql.columnmetadatatest.extractfromrelationalpath,False,False
369,20136.0,querydsl,com.querydsl.sql.columnmetadatatest.fallbacktodefaultwhenmissing,False,False
399,20168.0,querydsl,com.querydsl.sql.serializationtest.union1,False,False
405,20174.0,querydsl,com.querydsl.sql.serializationtest.with_tuple2,False,False
426,20197.0,querydsl,com.querydsl.sql.oracle.oraclegrammartest.constants,False,False
428,20199.0,querydsl,com.querydsl.sql.mssql.sqlserverquerytest.tablehints_multiple,False,False
434,20205.0,querydsl,com.querydsl.sql.types.localetypetest.lang,False,False
440,20211.0,querydsl,com.querydsl.sql.types.jsr310zoneddatetimetypetest.get,False,False
445,20216.0,querydsl,com.querydsl.sql.types.jsr310offsettimetypetest.jsr310offsettimetypetest,False,False
448,20219.0,querydsl,com.querydsl.sql.types.jsr310localdatetimetypetest.jsr310localdatetimetypetest,False,False
449,20220.0,querydsl,com.querydsl.sql.types.jsr310localdatetimetypetest.set,False,False
459,20230.0,querydsl,com.querydsl.sql.types.abstractjsr310datetimetypetest.before,False,False
473,20244.0,querydsl,com.querydsl.sql.types.jsr310localdatetypetest.jsr310localdatetypetest,False,False
475,20246.0,querydsl,com.querydsl.sql.types.jsr310localdatetypetest.jodaset,False,False
481,20253.0,querydsl,com.querydsl.sql.postgresql.postgresqlqueryfactorytest.get,False,False
491,20264.0,querydsl,com.querydsl.sql.postgresql.postgresqlquerytest.forupdate_of,False,False
502,20276.0,querydsl,com.querydsl.sql.dml.annotationmappertest.extract2,False,False
509,20283.0,querydsl,com.querydsl.sql.dml.sqlupdateclausetest.intertable,False,False
511,20285.0,querydsl,com.querydsl.sql.dml.sqlupdateclausetest.intertable3,False,False
549,20325.0,querydsl,com.querydsl.sql.mysql.mysqlquerytest.intodumpfile,False,False
608,20393.0,querydsl,com.querydsl.sql.codegen.support.renamemappingtest.schematoschema,False,False
631,20418.0,querydsl,com.querydsl.lucene4.lucenequerytest.list_sorted_by_year_ascending,False,False
632,20419.0,querydsl,com.querydsl.lucene4.lucenequerytest.list_not_sorted,False,False
636,20423.0,querydsl,com.querydsl.lucene4.lucenequerytest.list_not_sorted_offset_2,False,False
639,20426.0,querydsl,com.querydsl.lucene4.lucenequerytest.list_sorted_ascending_by_year,False,False
640,20427.0,querydsl,com.querydsl.lucene4.lucenequerytest.list_sort,False,False
654,20441.0,querydsl,com.querydsl.lucene4.lucenequerytest.load_singleresult_fieldselector,False,False
656,20443.0,querydsl,com.querydsl.lucene4.lucenequerytest.single_result_takes_limit,False,False
671,20458.0,querydsl,com.querydsl.lucene4.lucenequerytest.uniqueresult_finds_no_results,False,False
672,20459.0,querydsl,com.querydsl.lucene4.lucenequerytest.uniqueresult_finds_no_results_because_no_documents_in_index,False,False
697,20486.0,querydsl,com.querydsl.lucene4.luceneserializertest.like,False,False
698,20487.0,querydsl,com.querydsl.lucene4.luceneserializertest.like_custom_wildcard_single_character,False,False
699,20488.0,querydsl,com.querydsl.lucene4.luceneserializertest.like_custom_wildcard_multiple_character,False,False
705,20494.0,querydsl,com.querydsl.lucene4.luceneserializertest.fuzzylike,False,False
707,20496.0,querydsl,com.querydsl.lucene4.luceneserializertest.fuzzylike_with_similarity_and_prefix,False,False
711,20500.0,querydsl,com.querydsl.lucene4.luceneserializertest.equals_ignores_case,False,False
717,20506.0,querydsl,com.querydsl.lucene4.luceneserializertest.eq_phrase,False,False
742,20531.0,querydsl,com.querydsl.lucene4.luceneserializertest.between_numeric,False,False
749,20538.0,querydsl,com.querydsl.lucene4.luceneserializertest.lt_numeric_double,False,False
756,20545.0,querydsl,com.querydsl.lucene4.luceneserializertest.loe_equal,False,False
768,20557.0,querydsl,com.querydsl.lucene4.luceneserializertest.goe,False,False
774,20563.0,querydsl,com.querydsl.lucene4.luceneserializertest.goe_not_found,False,False
775,20564.0,querydsl,com.querydsl.lucene4.luceneserializertest.goe_numeric_integer_not_found,False,False
778,20567.0,querydsl,com.querydsl.lucene4.luceneserializertest.not_equals_empty_string,False,False
783,20572.0,querydsl,com.querydsl.lucene4.luceneserializertest.between_empty_strings,False,False
790,20579.0,querydsl,com.querydsl.lucene4.luceneserializertest.various,False,False
793,20582.0,querydsl,com.querydsl.mongodb.domain.usertest.friends,False,False
809,20598.0,querydsl,com.querydsl.mongodb.mongodbserializertest.regexcases,False,False
814,20603.0,querydsl,com.querydsl.mongodb.mongodbserializertest.objectid,False,False
815,20604.0,querydsl,com.querydsl.mongodb.mongodbserializertest.path,False,False
824,20614.0,querydsl,com.querydsl.maven.metadataexportmojotest.execute,False,False
835,20625.0,querydsl,com.querydsl.maven.metadataexportmojotest.executewithimportandbeans1,False,False
836,20626.0,querydsl,com.querydsl.maven.metadataexportmojotest.executewithrenames,False,False
847,20637.0,querydsl,com.querydsl.codegen.embeddableserializertest.supertype,False,False
848,20638.0,querydsl,com.querydsl.codegen.embeddableserializertest.delegates,False,False
852,20642.0,querydsl,com.querydsl.codegen.querytypefactorytest.prefix_and_suffix,False,False
857,20647.0,querydsl,com.querydsl.codegen.classpathutilstest.safeclassforname,False,False
864,20655.0,querydsl,com.querydsl.codegen.entitytypetest.uncapsimplename_escaped,False,False
866,20657.0,querydsl,com.querydsl.codegen.entitytypetest.uncapsimplename_escaped3,False,False
886,20678.0,querydsl,com.querydsl.codegen.entityserializertest.correct_superclass,False,False
887,20679.0,querydsl,com.querydsl.codegen.entityserializertest.primitive_array,False,False
902,20696.0,querydsl,com.querydsl.codegen.typefactorytest.innerclass_field,False,False
904,20698.0,querydsl,com.querydsl.codegen.typefactorytest.map_field_parameters,False,False
914,20708.0,querydsl,com.querydsl.codegen.typefactorytest.comparableentity,False,False
923,20717.0,querydsl,com.querydsl.codegen.typefactorytest.unknownasentity,False,False
938,20733.0,querydsl,com.querydsl.hibernate.search.searchquerytest.singleresult,False,False
940,20735.0,querydsl,com.querydsl.hibernate.search.searchquerytest.paging,True,False
947,20743.0,querydsl,com.querydsl.example.sql.repository.tweetrepositorytest.save_and_find_by_id,False,False
949,20745.0,querydsl,com.querydsl.example.sql.repository.tweetrepositorytest.save_with_mentions,False,False
996,20795.0,querydsl,com.querydsl.lucene3.lucenequerytest.in_tostring,False,False
1002,20801.0,querydsl,com.querydsl.lucene3.lucenequerytest.list_not_sorted_offset_2,False,False
1042,20841.0,querydsl,com.querydsl.lucene3.lucenequerytest.listresults,False,False
1052,20851.0,querydsl,com.querydsl.lucene3.lucenequerytest.list_not_sorted_offset_0,False,False
1073,20874.0,querydsl,com.querydsl.lucene3.luceneserializertest.fuzzylike_with_similarity_and_prefix,False,False
1086,20887.0,querydsl,com.querydsl.lucene3.luceneserializertest.eq_phrase_does_not_find_results_because_word_in_middle,False,False
1087,20888.0,querydsl,com.querydsl.lucene3.luceneserializertest.like_not_does_not_find_results,False,False
1098,20899.0,querydsl,com.querydsl.lucene3.luceneserializertest.starts_with_ignore_case_phrase_does_not_find_results,False,False
1109,20910.0,querydsl,com.querydsl.lucene3.luceneserializertest.between_is_inclusive_from_start,False,False
1155,20956.0,querydsl,com.querydsl.lucene3.luceneserializertest.unsupportedoperation,False,False
1157,20958.0,querydsl,com.querydsl.spatial.jts.jtsgeometrypathtest.convert,False,False
1173,20975.0,querydsl,com.querydsl.jdo.jdosqlquerytest.startswith_count,False,False
1175,20977.0,querydsl,com.querydsl.jdo.jdosqlquerytest.scalarqueries,False,False
1176,20978.0,querydsl,com.querydsl.jdo.jdosqlquerytest.union,False,False
1182,20984.0,querydsl,com.querydsl.jdo.groupbytest.having,False,False
1186,20988.0,querydsl,com.querydsl.jdo.serialization.groupbytest.groupby,False,False
1199,21001.0,querydsl,com.querydsl.core.querymodifierstest.empty,False,False
1209,21011.0,querydsl,com.querydsl.core.defaultquerymetadatatest.validation,False,False
1212,21014.0,querydsl,com.querydsl.core.defaultquerymetadatatest.getgroupby,False,False
1219,21021.0,querydsl,com.querydsl.core.defaultquerymetadatatest.setoffset,False,False
1221,21023.0,querydsl,com.querydsl.core.defaultquerymetadatatest.getprojection,False,False
1228,21030.0,querydsl,com.querydsl.core.defaultquerymetadatatest.addflag,False,False
1229,21031.0,querydsl,com.querydsl.core.defaultquerymetadatatest.equals,False,False
1242,21044.0,querydsl,com.querydsl.core.booleanbuildertest.and_null_supported,False,False
1255,21057.0,querydsl,com.querydsl.core.stringconstanttest.expr,False,False
1260,21062.0,querydsl,com.querydsl.core.util.beanutilstest.capitalize,False,False
1262,21064.0,querydsl,com.querydsl.core.util.multiiteratortest.emptylist,False,False
1276,21078.0,querydsl,com.querydsl.core.util.mathutilstest.cast_returns_argument_as_is_when_compatible,False,False
1284,21086.0,querydsl,com.querydsl.core.util.nullsafecomparablecomparatortest.object_lt_object,False,False
1285,21087.0,querydsl,com.querydsl.core.util.nullsafecomparablecomparatortest.object_gt_object,False,False
1290,21093.0,querydsl,com.querydsl.core.util.beanmaptest.beanmapobject,False,False
1292,21095.0,querydsl,com.querydsl.core.util.beanmaptest.clone_,False,False
1309,21112.0,querydsl,com.querydsl.core.types.visitortest.iteration,False,False
1322,21125.0,querydsl,com.querydsl.core.types.qmaptest.nestedprojection_newinstance2,False,False
1331,21134.0,querydsl,com.querydsl.core.types.mappingprojectiontest.map,False,False
1341,21144.0,querydsl,com.querydsl.core.types.constructorexpressiontest.factoryexpression_has_right_args,False,False
1358,21161.0,querydsl,com.querydsl.core.types.projectionstest.fieldsclassoftexpressionofqarray,False,False
1360,21163.0,querydsl,com.querydsl.core.types.projectionstest.nestedskipnulls,False,False
1386,21189.0,querydsl,com.querydsl.core.types.qtupletest.twoexpressions_getargs,False,False
1404,21208.0,querydsl,com.querydsl.core.types.validatingvisitortest.visittemplateexpressionofqvoid,False,False
1415,21220.0,querydsl,com.querydsl.core.types.predicatetemplatetest.not,False,False
1422,21227.0,querydsl,com.querydsl.core.types.dsl.setpathtest.getelementtype,False,False
1427,21232.0,querydsl,com.querydsl.core.types.dsl.pathinitstest.defaultinits,False,False
1435,21242.0,querydsl,com.querydsl.core.types.dsl.expressionstest.allof,False,False
1436,21243.0,querydsl,com.querydsl.core.types.dsl.expressionstest.allof_with_nulls,False,False
1437,21244.0,querydsl,com.querydsl.core.types.dsl.expressionstest.anyof,False,False
1442,21249.0,querydsl,com.querydsl.core.types.dsl.expressionstest.comparabletemplate,False,False
1443,21250.0,querydsl,com.querydsl.core.types.dsl.expressionstest.numbertemplate,False,False
1455,21262.0,querydsl,com.querydsl.core.types.dsl.expressionstest.datetimepathclassoftstring,False,False
1468,21275.0,querydsl,com.querydsl.core.types.dsl.expressionstest.dateoperation,False,False
1481,21288.0,querydsl,com.querydsl.core.types.dsl.expressionstest.astime_returns_a_corresponding_timeexpression_for_a_given_constant,False,False
1482,21289.0,querydsl,com.querydsl.core.types.dsl.expressionstest.asenum_returns_a_corresponding_enumexpression_for_a_given_expression,False,False
1485,21292.0,querydsl,com.querydsl.core.types.dsl.expressionstest.asnumber_returns_a_corresponding_numberexpression_for_a_given_constant,False,False
1493,21300.0,querydsl,com.querydsl.core.types.dsl.coalescetest.ascomparable,False,False
1497,21304.0,querydsl,com.querydsl.core.types.dsl.coalescetest.dsl2,False,False
1498,21305.0,querydsl,com.querydsl.core.types.dsl.coalescetest.dsl3,False,False
1510,21317.0,querydsl,com.querydsl.core.types.dsl.pathbuildertest.calling_get_with_the_same_name_and_different_types_returns_correct_type,False,False
1542,21349.0,querydsl,com.querydsl.core.types.dsl.simpleexpressiontest.subclasses_override_as,False,False
1545,21352.0,querydsl,com.querydsl.core.types.dsl.beanpathtest.as_path,False,False
1572,21379.0,querydsl,com.querydsl.core.support.querymixintest.rightjoin,False,False
1574,21381.0,querydsl,com.querydsl.core.support.numberconversionstest.name,False,False
1576,21383.0,querydsl,com.querydsl.core.support.numberconversionstest.safe_number_conversion,False,False
1578,21385.0,querydsl,com.querydsl.core.support.collectionanyvisitortest.path,False,False
1579,21386.0,querydsl,com.querydsl.core.support.collectionanyvisitortest.longer_path,False,False
1608,21415.0,querydsl,com.querydsl.core.alias.pathfactorytest.createdatepath,False,False
1610,21417.0,querydsl,com.querydsl.core.alias.pathfactorytest.createdatetimepath,False,False
1625,21432.0,querydsl,com.querydsl.core.group.groupbylisttest.map2,False,False
1633,21440.0,querydsl,com.querydsl.core.group.groupbylisttest.onetoonetomany_projection_as_bean_and_constructor,False,False
1649,21456.0,querydsl,com.querydsl.core.group.groupbyiteratetest.onetoonetomany_projection_as_bean_and_constructor,False,False
1658,21465.0,querydsl,com.querydsl.core.group.groupbymaptest.map1,False,False
1668,21475.0,querydsl,com.querydsl.core.group.groupbymaptest.transform_as_bean,False,False
1676,21483.0,querydsl,com.querydsl.sql.spatial.postgistemplatestest.test,False,False
1721,21530.0,querydsl,com.querydsl.lucene5.lucenequerytest.load_list_fieldselector,False,False
1746,21555.0,querydsl,com.querydsl.lucene5.lucenequerytest.listdistinctresults,False,False
1750,21559.0,querydsl,com.querydsl.lucene5.lucenequerytest.list_sorted_ascending_limit_0,False,False
1755,21564.0,querydsl,com.querydsl.lucene5.lucenequerytest.list_not_sorted_offset_0,False,False
1756,21565.0,querydsl,com.querydsl.lucene5.lucenequerytest.iterate,False,False
1765,21576.0,querydsl,com.querydsl.lucene5.luceneserializertest.queryelement,False,False
1770,21581.0,querydsl,com.querydsl.lucene5.luceneserializertest.like_or_like,False,False
1777,21588.0,querydsl,com.querydsl.lucene5.luceneserializertest.eq_numeric_integer,False,False
1778,21589.0,querydsl,com.querydsl.lucene5.luceneserializertest.eq_numeric_double,False,False
1809,21620.0,querydsl,com.querydsl.lucene5.luceneserializertest.between_numeric_integer,False,False
1811,21622.0,querydsl,com.querydsl.lucene5.luceneserializertest.between_numeric,False,False
1824,21635.0,querydsl,com.querydsl.lucene5.luceneserializertest.loe_numeric_double,False,False
1845,21656.0,querydsl,com.querydsl.lucene5.luceneserializertest.goe_numeric_double_not_found,False,False
1853,21664.0,querydsl,com.querydsl.lucene5.luceneserializertest.booleanbuilder,False,False
1856,21667.0,querydsl,com.querydsl.lucene5.luceneserializertest.boost,False,False
1864,21675.0,querydsl,com.querydsl.apt.domain.delegatetest.simplemethod,False,False
1871,21682.0,querydsl,com.querydsl.apt.domain.rooentitiestest.roojpaentity,False,False
1877,21688.0,querydsl,com.querydsl.apt.domain.entitytest.initialization_depth,False,False
1888,21699.0,querydsl,com.querydsl.apt.domain.simpletypestest.custom_comparablenumber,False,False
1896,21708.0,querydsl,com.querydsl.apt.genericexportertest.execute,False,False
1899,21711.0,querydsl,com.querydsl.apt.genericexportertest.execute4,False,False
1908,21720.0,querydsl,com.querydsl.apt.querydslannotationprocessortest.process_inheritance8,False,False
1923,21735.0,querydsl,com.querydsl.apt.querydslannotationprocessortest.hibernateannotationprocessor,False,False
5,19760.0,querydsl,com.querydsl.jpa.jpqlserializertest.case1_hibernate,False,False
11,19766.0,querydsl,com.querydsl.jpa.jpqlserializertest.normalizenumericargs,False,False
21,19776.0,querydsl,com.querydsl.jpa.jpqlserializertest.treat,False,False
29,19784.0,querydsl,com.querydsl.jpa.jpaquerymixintest.where_null,False,False
40,19795.0,querydsl,com.querydsl.jpa.jpaquerymixintest.orderby_embeddable2,False,False
69,19826.0,querydsl,com.querydsl.jpa.jpqlquerytest.joinpathofqextendscollectionofppathofp,False,False
72,19829.0,querydsl,com.querydsl.jpa.jpqlquerytest.tostring_,False,False
93,19852.0,querydsl,com.querydsl.jpa.nativesqlserializertest.path_column,False,False
98,19857.0,querydsl,com.querydsl.jpa.querymutabilitytest.clone_,False,False
100,19861.0,querydsl,com.querydsl.jpa.support.dialectsupporttest.convert,False,False
109,19871.0,querydsl,com.querydsl.collections.collqueryfunctionstest.coalesce,False,False
121,19883.0,querydsl,com.querydsl.collections.collquerytest.various,False,False
130,19892.0,querydsl,com.querydsl.collections.multicomparatortest.test,False,False
131,19893.0,querydsl,com.querydsl.collections.cattest.skippedfield,False,False
145,19907.0,querydsl,com.querydsl.collections.entitywithlongidtest.cartesianplus1,False,False
147,19909.0,querydsl,com.querydsl.collections.guavahelperstest.function,False,False
152,19914.0,querydsl,com.querydsl.collections.groupbytest.group_sum,False,False
170,19933.0,querydsl,com.querydsl.collections.pathcomparatortest.semanticallyequal,False,False
172,19935.0,querydsl,com.querydsl.collections.pathcomparatortest.rightisnull,False,False
176,19939.0,querydsl,com.querydsl.collections.jodatimetemplatestest.localtime,False,False
193,19957.0,querydsl,com.querydsl.collections.serializationtest.onesource_filtered_projectedunique,False,False
195,19959.0,querydsl,com.querydsl.collections.serializationtest.join_list,False,False
199,19963.0,querydsl,com.querydsl.sql.relationalpathextractortest.simplequery,False,False
200,19964.0,querydsl,com.querydsl.sql.relationalpathextractortest.joins,False,False
235,20001.0,querydsl,com.querydsl.sql.sqlserializertest.from_function,False,False
245,20011.0,querydsl,com.querydsl.sql.sqlserializertest.boolean_,False,False
246,20012.0,querydsl,com.querydsl.sql.sqlserializertest.list_in_query,False,False
252,20018.0,querydsl,com.querydsl.sql.sqlserializertest.schemainwhere,False,False
264,20030.0,querydsl,com.querydsl.sql.sqlserver2012templatestest.union,False,False
272,20038.0,querydsl,com.querydsl.sql.javatypemappingtest.gettype_with_interfaces,False,False
273,20039.0,querydsl,com.querydsl.sql.javatypemappingtest.gettype_for_object,False,False
292,20058.0,querydsl,com.querydsl.sql.jdbctypemappingtest.blobtypes,False,False
311,20077.0,querydsl,com.querydsl.sql.relationalfunctioncalltest.validation,False,False
349,20115.0,querydsl,com.querydsl.sql.configurationtest.get_schema,False,False
378,20147.0,querydsl,com.querydsl.sql.windowfunctiontest.complex_nullsfirst,False,False
390,20159.0,querydsl,com.querydsl.sql.serializationtest.fulljoin,False,False
403,20172.0,querydsl,com.querydsl.sql.serializationtest.with_complex,False,False
415,20185.0,querydsl,com.querydsl.sql.oracle.oraclequeryfactorytest.delete,False,False
442,20213.0,querydsl,com.querydsl.sql.types.jsr310localtimetypetest.set,False,False
443,20214.0,querydsl,com.querydsl.sql.types.jsr310localtimetypetest.jodaset,False,False
457,20228.0,querydsl,com.querydsl.sql.types.abstractjsr310datetimetypetest.tojoda,False,False
461,20232.0,querydsl,com.querydsl.sql.types.abstractjsr310datetimetypetest.set,False,False
462,20233.0,querydsl,com.querydsl.sql.types.abstractjsr310datetimetypetest.get,False,False
463,20234.0,querydsl,com.querydsl.sql.types.abstractjsr310datetimetypetest.set_cst,False,False
474,20245.0,querydsl,com.querydsl.sql.types.jsr310localdatetypetest.set,False,False
516,20290.0,querydsl,com.querydsl.sql.dml.sqlinsertclausetest.getsqlwithpreservedcolumnorder,False,False
519,20294.0,querydsl,com.querydsl.sql.mysql.mysqlqueryfactorytest.query,False,False
522,20297.0,querydsl,com.querydsl.sql.mysql.mysqlqueryfactorytest.insert,False,False
526,20301.0,querydsl,com.querydsl.sql.mysql.mysqlqueryfactorytest.insertonduplicatekeyupdate_multiple,False,False
527,20302.0,querydsl,com.querydsl.sql.mysql.mysqlqueryfactorytest.insertonduplicatekeyupdate_values,False,False
529,20304.0,querydsl,com.querydsl.sql.mysql.mysqlqueryfactorytest.replace,False,False
536,20312.0,querydsl,com.querydsl.sql.mysql.mysqlquerytest.useindex2,False,False
537,20313.0,querydsl,com.querydsl.sql.mysql.mysqlquerytest.highpriority,False,False
553,20330.0,querydsl,com.querydsl.sql.teradata.setquerybandclausetest.tostring_,False,False
562,20340.0,querydsl,com.querydsl.sql.codegen.defaultnamingstrategytest.getpropertynameforforeignkey,False,False
570,20351.0,querydsl,com.querydsl.sql.codegen.metadataexportertest.normalsettings_repetition,False,False
572,20353.0,querydsl,com.querydsl.sql.codegen.metadataexportertest.minimal_configuration,False,False
623,20410.0,querydsl,com.querydsl.lucene4.lucenequerytest.exists,False,False
628,20415.0,querydsl,com.querydsl.lucene4.lucenequerytest.in,False,False
668,20455.0,querydsl,com.querydsl.lucene4.lucenequerytest.uniqueresult_with_param,False,False
677,20464.0,querydsl,com.querydsl.lucene4.lucenequerytest.listdistinctresults,False,False
696,20485.0,querydsl,com.querydsl.lucene4.luceneserializertest.queryelement,False,False
712,20501.0,querydsl,com.querydsl.lucene4.luceneserializertest.title_equals_ignore_case_or_year_equals,False,False
725,20514.0,querydsl,com.querydsl.lucene4.luceneserializertest.eq_and_eq_not_does_not_find_results_because_second_expression_finds_nothing,False,False
738,20527.0,querydsl,com.querydsl.lucene4.luceneserializertest.contains_user_inputted_wildcards_dont_work,False,False
741,20530.0,querydsl,com.querydsl.lucene4.luceneserializertest.between_numeric_double,False,False
759,20548.0,querydsl,com.querydsl.lucene4.luceneserializertest.loe_not_found,False,False
763,20552.0,querydsl,com.querydsl.lucene4.luceneserializertest.gt_numeric_integer,False,False
773,20562.0,querydsl,com.querydsl.lucene4.luceneserializertest.goe_numeric_double_equal,False,False
797,20586.0,querydsl,com.querydsl.mongodb.mongodbserializertest.indexedaccess,False,False
801,20590.0,querydsl,com.querydsl.mongodb.mongodbserializertest.equals,False,False
802,20591.0,querydsl,com.querydsl.mongodb.mongodbserializertest.eqandeq,False,False
811,20600.0,querydsl,com.querydsl.mongodb.mongodbserializertest.near,False,False
843,20633.0,querydsl,com.querydsl.codegen.embeddableserializertest.no_package,False,False
861,20652.0,querydsl,com.querydsl.codegen.serializertest.embeddableserializer,False,False
870,20662.0,querydsl,com.querydsl.codegen.genericexportertest.override_serializer,False,False
872,20664.0,querydsl,com.querydsl.codegen.genericexportertest.export_with_package_suffix,False,False
892,20685.0,querydsl,com.querydsl.codegen.beanserializertest.annotations,False,False
895,20688.0,querydsl,com.querydsl.codegen.beanserializertest.capitalization,False,False
907,20701.0,querydsl,com.querydsl.codegen.typefactorytest.abstractentity_code,False,False
910,20704.0,querydsl,com.querydsl.codegen.typefactorytest.generics_wildcard,False,False
921,20715.0,querydsl,com.querydsl.codegen.typefactorytest.numbertype,False,False
925,20719.0,querydsl,com.querydsl.codegen.codegenmoduletest.defaultprefix,False,False
939,20734.0,querydsl,com.querydsl.hibernate.search.searchquerytest.ordering,False,False
941,20736.0,querydsl,com.querydsl.hibernate.search.searchquerytest.listresults,True,False
943,20738.0,querydsl,com.querydsl.hibernate.search.searchquerytest.limit_max_value,False,False
952,20748.0,querydsl,com.querydsl.example.sql.repository.userrepositorytest.get_all,False,False
979,20776.0,querydsl,com.querydsl.example.dao.orderdaotest.delete,False,False
980,20777.0,querydsl,com.querydsl.lucene3.phraseelementtest.test,False,False
987,20786.0,querydsl,com.querydsl.lucene3.lucenequerytest.between,False,False
997,20796.0,querydsl,com.querydsl.lucene3.lucenequerytest.list_sorted_by_year_ascending,False,False
998,20797.0,querydsl,com.querydsl.lucene3.lucenequerytest.list_not_sorted,False,False
1005,20804.0,querydsl,com.querydsl.lucene3.lucenequerytest.list_sorted_ascending_by_year,False,False
1008,20807.0,querydsl,com.querydsl.lucene3.lucenequerytest.list_with_filter,False,False
1011,20810.0,querydsl,com.querydsl.lucene3.lucenequerytest.list_sorted_descending_by_gross,False,False
1016,20815.0,querydsl,com.querydsl.lucene3.lucenequerytest.offset,False,False
1021,20820.0,querydsl,com.querydsl.lucene3.lucenequerytest.singleresult,False,False
1053,20852.0,querydsl,com.querydsl.lucene3.lucenequerytest.iterate,False,False
1069,20870.0,querydsl,com.querydsl.lucene3.luceneserializertest.eq,False,False
1071,20872.0,querydsl,com.querydsl.lucene3.luceneserializertest.fuzzylike,False,False
1082,20883.0,querydsl,com.querydsl.lucene3.luceneserializertest.eq_or_eq_and_eq_does_not_find_results,False,False
1093,20894.0,querydsl,com.querydsl.lucene3.luceneserializertest.not_equals_finds_none,False,False
1097,20898.0,querydsl,com.querydsl.lucene3.luceneserializertest.startswith_phrase,False,False
1114,20915.0,querydsl,com.querydsl.lucene3.luceneserializertest.lt_numeric_integer,False,False
1136,20937.0,querydsl,com.querydsl.lucene3.luceneserializertest.goe_numeric_double,False,False
1137,20938.0,querydsl,com.querydsl.lucene3.luceneserializertest.goe_equal,False,False
1142,20943.0,querydsl,com.querydsl.lucene3.luceneserializertest.goe_numeric_double_not_found,False,False
1161,20963.0,querydsl,com.querydsl.jdo.jdoqueryfactorytest.query,False,False
1164,20966.0,querydsl,com.querydsl.jdo.jdoqltemplatestest.precedence,False,False
1192,20994.0,querydsl,com.querydsl.core.queryresultstest.getlimit,False,False
1193,20995.0,querydsl,com.querydsl.core.queryresultstest.getoffset,False,False
1198,21000.0,querydsl,com.querydsl.core.querymodifierstest.both,False,False
1201,21003.0,querydsl,com.querydsl.core.querymodifierstest.illegallimit,False,False
1202,21004.0,querydsl,com.querydsl.core.querymodifierstest.illegaloffset,False,False
1218,21020.0,querydsl,com.querydsl.core.defaultquerymetadatatest.setlimit,False,False
1227,21029.0,querydsl,com.querydsl.core.defaultquerymetadatatest.setparam,False,False
1236,21038.0,querydsl,com.querydsl.core.booleanbuildertest.or_all_of,False,False
1244,21046.0,querydsl,com.querydsl.core.booleanbuildertest.and_not,False,False
1263,21065.0,querydsl,com.querydsl.core.util.multiiteratortest.onelevel,False,False
1264,21066.0,querydsl,com.querydsl.core.util.multiiteratortest.twolevels,False,False
1278,21080.0,querydsl,com.querydsl.core.util.mathutilstest.cast_throws_on_unsupported_numbers,False,False
1286,21089.0,querydsl,com.querydsl.core.util.beanmaptest.size,False,False
1302,21105.0,querydsl,com.querydsl.core.util.beanmaptest.setbean,False,False
1318,21121.0,querydsl,com.querydsl.core.types.qmaptest.twoexpressionarrays_getargs,False,False
1330,21133.0,querydsl,com.querydsl.core.types.mappingprojectiontest.distinct_expressions,False,False
1337,21140.0,querydsl,com.querydsl.core.types.constructorexpressiontest.create2,False,False
1351,21154.0,querydsl,com.querydsl.core.types.templatetest.match,False,False
1365,21168.0,querydsl,com.querydsl.core.types.expressionutilstest.liketoregex_escape,False,False
1368,21171.0,querydsl,com.querydsl.core.types.expressionutilstest.regextolike_fail2,False,False
1389,21192.0,querydsl,com.querydsl.core.types.qtupletest.nestedprojection_getargs,False,False
1392,21195.0,querydsl,com.querydsl.core.types.qtupletest.nestedprojection_newinstance2,False,False
1393,21196.0,querydsl,com.querydsl.core.types.qtupletest.tuple_equals,False,False
1394,21197.0,querydsl,com.querydsl.core.types.qtupletest.tuple_hashcode,False,False
1399,21203.0,querydsl,com.querydsl.core.types.validatingvisitortest.visitfactoryexpressionofqvoid,False,False
1401,21205.0,querydsl,com.querydsl.core.types.validatingvisitortest.visitparamexpressionofqvoid,False,False
1413,21218.0,querydsl,com.querydsl.core.types.qbeantest.skipnulls,False,False
1414,21219.0,querydsl,com.querydsl.core.types.qbeantest.alias,False,False
1421,21226.0,querydsl,com.querydsl.core.types.dsl.setpathtest.tostring_,False,False
1426,21231.0,querydsl,com.querydsl.core.types.dsl.pathbuildervalidatortest.properties,False,False
1441,21248.0,querydsl,com.querydsl.core.types.dsl.expressionstest.template,False,False
1447,21254.0,querydsl,com.querydsl.core.types.dsl.expressionstest.operation,False,False
1453,21260.0,querydsl,com.querydsl.core.types.dsl.expressionstest.datepathclassoftstring,False,False
1454,21261.0,querydsl,com.querydsl.core.types.dsl.expressionstest.datepathclassoftpathofqstring,False,False
1462,21269.0,querydsl,com.querydsl.core.types.dsl.expressionstest.stringpathpathofqstring,False,False
1470,21277.0,querydsl,com.querydsl.core.types.dsl.expressionstest.timeoperation,False,False
1473,21280.0,querydsl,com.querydsl.core.types.dsl.expressionstest.asboolean_returns_a_corresponding_booleanexpression_for_a_given_constant,False,False
1488,21295.0,querydsl,com.querydsl.core.types.dsl.numberexpressiontest.between_start_given,False,False
1492,21299.0,querydsl,com.querydsl.core.types.dsl.coalescetest.withsinglearg,False,False
1511,21318.0,querydsl,com.querydsl.core.types.dsl.pathbuildertest.calling_get_with_the_same_name_and_different_types_returns_specific_type_when_validating,False,False
1514,21321.0,querydsl,com.querydsl.core.types.dsl.collectionpathtest.getparameter,False,False
1515,21322.0,querydsl,com.querydsl.core.types.dsl.templateexpressiontest.constructors,False,False
1528,21335.0,querydsl,com.querydsl.core.types.dsl.listpathtest.getparameter,False,False
1534,21341.0,querydsl,com.querydsl.core.types.dsl.pathtest.equals,False,False
1539,21346.0,querydsl,com.querydsl.core.types.dsl.operationtest.various,False,False
1556,21363.0,querydsl,com.querydsl.core.types.dsl.booleanexpressiontest.anyof_with_nulls,False,False
1584,21391.0,querydsl,com.querydsl.core.support.collectionanyvisitortest.and_operation,False,False
1592,21399.0,querydsl,com.querydsl.core.support.replacevisitortest.visit,False,False
1599,21406.0,querydsl,com.querydsl.core.alias.aliastest.getany,False,False
1602,21409.0,querydsl,com.querydsl.core.alias.aliastest.tostring,False,False
1604,21411.0,querydsl,com.querydsl.core.alias.pathfactorytest.createentitypath,False,False
1640,21447.0,querydsl,com.querydsl.core.group.groupbyiteratetest.map2,False,False
1646,21453.0,querydsl,com.querydsl.core.group.groupbyiteratetest.transform_as_bean,False,False
1663,21470.0,querydsl,com.querydsl.core.group.groupbymaptest.map4,False,False
1687,21494.0,querydsl,com.querydsl.lucene5.termelementtest.testequalsandhashcode,False,False
1703,21512.0,querydsl,com.querydsl.lucene5.lucenequerytest.list_not_sorted_limit_2,False,False
1723,21532.0,querydsl,com.querydsl.lucene5.lucenequerytest.load_singleresult_fieldselector,False,False
1728,21537.0,querydsl,com.querydsl.lucene5.lucenequerytest.single_result_considers_offset,False,False
1733,21542.0,querydsl,com.querydsl.lucene5.lucenequerytest.unique_result_returns_null_if_nothing_is_in_range,False,False
1742,21551.0,querydsl,com.querydsl.lucene5.lucenequerytest.uniqueresult_sorted_index_problem_in_max_doc,False,False
1752,21561.0,querydsl,com.querydsl.lucene5.lucenequerytest.list_sorted_ascending_offset_negative,False,False
1761,21570.0,querydsl,com.querydsl.lucene5.queryelementtest.test,False,False
1775,21586.0,querydsl,com.querydsl.lucene5.luceneserializertest.fuzzylike_with_similarity,False,False
1776,21587.0,querydsl,com.querydsl.lucene5.luceneserializertest.fuzzylike_with_similarity_and_prefix,False,False
1781,21592.0,querydsl,com.querydsl.lucene5.luceneserializertest.title_equals_ignore_case_or_year_equals,False,False
1783,21594.0,querydsl,com.querydsl.lucene5.luceneserializertest.eq_and_eq_and_eq,False,False
1794,21605.0,querydsl,com.querydsl.lucene5.luceneserializertest.eq_and_eq_not_does_not_find_results_because_second_expression_finds_nothing,False,False
1797,21608.0,querydsl,com.querydsl.lucene5.luceneserializertest.nothing_found_with_not_equals_or_equals,False,False
1803,21614.0,querydsl,com.querydsl.lucene5.luceneserializertest.ends_with_ignore_case_phrase,False,False
1810,21621.0,querydsl,com.querydsl.lucene5.luceneserializertest.between_numeric_double,False,False
1818,21629.0,querydsl,com.querydsl.lucene5.luceneserializertest.lt_numeric_double,False,False
1826,21637.0,querydsl,com.querydsl.lucene5.luceneserializertest.loe_numeric_integer_equal,False,False
1835,21646.0,querydsl,com.querydsl.lucene5.luceneserializertest.gt_numeric_integer_not_in_range_because_equal,False,False
1838,21649.0,querydsl,com.querydsl.lucene5.luceneserializertest.goe_numeric_integer,False,False
1839,21650.0,querydsl,com.querydsl.lucene5.luceneserializertest.goe_numeric_double,False,False
1842,21653.0,querydsl,com.querydsl.lucene5.luceneserializertest.goe_numeric_double_equal,False,False
1869,21680.0,querydsl,com.querydsl.apt.domain.expressiontest.test,False,False
1880,21691.0,querydsl,com.querydsl.apt.domain.entitytest.constructors,False,False
1885,21696.0,querydsl,com.querydsl.apt.domain.simpletypestest.custom_literal,False,False
1909,21721.0,querydsl,com.querydsl.apt.querydslannotationprocessortest.process_queryembedded3,False,False
1918,21730.0,querydsl,com.querydsl.apt.querydslannotationprocessortest.process_enum2test,False,False
1920,21732.0,querydsl,com.querydsl.apt.querydslannotationprocessortest.process_generic13test,False,False
1921,21733.0,querydsl,com.querydsl.apt.querydslannotationprocessortest.querydslannotationprocessor,False,False
1925,21737.0,querydsl,com.querydsl.apt.querydslannotationprocessortest.rooannotationprocessor,False,False
0,19755.0,querydsl,com.querydsl.jpa.tupletest.test,False,False
10,19765.0,querydsl,com.querydsl.jpa.jpqlserializertest.join_with,False,False
19,19774.0,querydsl,com.querydsl.jpa.jpqlserializertest.nullsfirst,False,False
20,19775.0,querydsl,com.querydsl.jpa.jpqlserializertest.nullslast,False,False
22,19777.0,querydsl,com.querydsl.jpa.jpqlserializertest.openjpa_variables,False,False
28,19783.0,querydsl,com.querydsl.jpa.queryhandlertest.types,False,False
31,19786.0,querydsl,com.querydsl.jpa.jpaquerymixintest.orderby_nonroot_twice,False,False
33,19788.0,querydsl,com.querydsl.jpa.jpaquerymixintest.orderby_groupby,False,False
43,19798.0,querydsl,com.querydsl.jpa.relationalfunctioncalltest.functioncall,False,False
65,19821.0,querydsl,com.querydsl.jpa.jpacollectionanyvisitortest.serialize,False,False
77,19835.0,querydsl,com.querydsl.jpa.hibernatequeryfactorytest.update,False,False
82,19840.0,querydsl,com.querydsl.jpa.jpqltemplatestest.generic_precedence,False,False
90,19849.0,querydsl,com.querydsl.jpa.jpaprovidertest.openjpa,False,False
99,19860.0,querydsl,com.querydsl.jpa.support.jpapathbuildervalidatortest.validate,False,False
120,19882.0,querydsl,com.querydsl.collections.collquerytest.simplecases,False,False
136,19898.0,querydsl,com.querydsl.collections.mappingprojectiontest.map,False,False
146,19908.0,querydsl,com.querydsl.collections.guavahelperstest.predicate,False,False
158,19920.0,querydsl,com.querydsl.collections.groupbytest.map_,False,False
166,19928.0,querydsl,com.querydsl.collections.groupbytest.toset,False,False
169,19932.0,querydsl,com.querydsl.collections.pathcomparatortest.equalreference,False,False
214,19980.0,querydsl,com.querydsl.sql.sqlserver2005templatestest.modifiers,False,False
222,19988.0,querydsl,com.querydsl.sql.sqlserializertest.count,False,False
229,19995.0,querydsl,com.querydsl.sql.sqlserializertest.innerjoinwithoutcodegeneration,False,False
239,20005.0,querydsl,com.querydsl.sql.sqlserializertest.keyword_after_dot,False,False
251,20017.0,querydsl,com.querydsl.sql.sqlserializertest.noschemainwhere,False,False
257,20023.0,querydsl,com.querydsl.sql.sqlbindingstest.twoargs,False,False
263,20029.0,querydsl,com.querydsl.sql.sqlserver2012templatestest.createtemplates,False,False
265,20031.0,querydsl,com.querydsl.sql.sqlserver2012templatestest.limit,False,False
268,20034.0,querydsl,com.querydsl.sql.sqlserver2012templatestest.update_limit,False,False
269,20035.0,querydsl,com.querydsl.sql.sqlserver2012templatestest.modifiers,False,False
276,20042.0,querydsl,com.querydsl.sql.multikeytest.hashcode_,False,False
295,20061.0,querydsl,com.querydsl.sql.jdbctypemappingtest.max,False,False
301,20067.0,querydsl,com.querydsl.sql.sqltemplatestest.asliteral,False,False
302,20068.0,querydsl,com.querydsl.sql.sqltemplatestest.asliteral_jodatime,False,False
304,20070.0,querydsl,com.querydsl.sql.sqltemplatestest.quoting_performance,False,False
310,20076.0,querydsl,com.querydsl.sql.relationalfunctioncalltest.serializecollection,False,False
318,20084.0,querydsl,com.querydsl.sql.sqlitetemplatestest.createtemplates,False,False
323,20089.0,querydsl,com.querydsl.sql.teradatatemplatestest.offset,False,False
328,20094.0,querydsl,com.querydsl.sql.sqlservertemplatestest.createtemplates,False,False
332,20098.0,querydsl,com.querydsl.sql.sqlquerytest.noconnection,False,False
337,20103.0,querydsl,com.querydsl.sql.postgresqltemplatestest.booleantemplate,False,False
342,20108.0,querydsl,com.querydsl.sql.firebirdtemplatestest.createtemplates,False,False
344,20110.0,querydsl,com.querydsl.sql.firebirdtemplatestest.union,False,False
346,20112.0,querydsl,com.querydsl.sql.configurationtest.various,False,False
350,20116.0,querydsl,com.querydsl.sql.configurationtest.columnoverride,False,False
354,20120.0,querydsl,com.querydsl.sql.configurationtest.numericoverriden2,False,False
364,20131.0,querydsl,com.querydsl.sql.foreignkeytest.on,False,False
377,20146.0,querydsl,com.querydsl.sql.windowfunctiontest.complex,False,False
387,20156.0,querydsl,com.querydsl.sql.serializationtest.innerjoin,False,False
422,20193.0,querydsl,com.querydsl.sql.oracle.oraclequerytest.startwith,False,False
444,20215.0,querydsl,com.querydsl.sql.types.jsr310localtimetypetest.get,False,False
477,20248.0,querydsl,com.querydsl.sql.types.jsr310offsetdatetimetypetest.jsr310offsetdatetimetypetest,False,False
483,20255.0,querydsl,com.querydsl.sql.postgresql.postgresqlqueryfactorytest.from,False,False
490,20263.0,querydsl,com.querydsl.sql.postgresql.postgresqlquerytest.forupdate_nowait,False,False
495,20268.0,querydsl,com.querydsl.sql.dml.sqldeleteclausetest.error,False,False
500,20274.0,querydsl,com.querydsl.sql.dml.annotationmappertest.extract_success,False,False
501,20275.0,querydsl,com.querydsl.sql.dml.annotationmappertest.extract_failure,False,False
506,20280.0,querydsl,com.querydsl.sql.dml.defaultmappertest.preservedcolumnorder,False,False
510,20284.0,querydsl,com.querydsl.sql.dml.sqlupdateclausetest.intertable2,False,False
518,20293.0,querydsl,com.querydsl.sql.mysql.mysqlqueryfactorytest.get,False,False
552,20328.0,querydsl,com.querydsl.sql.mysql.mysqlquerytest.tostring,False,False
556,20333.0,querydsl,com.querydsl.sql.teradata.setquerybandclausetest.getsql,False,False
565,20343.0,querydsl,com.querydsl.sql.codegen.defaultnamingstrategytest.getdefaultvariablename,False,False
566,20344.0,querydsl,com.querydsl.sql.codegen.defaultnamingstrategytest.spaces,False,False
568,20346.0,querydsl,com.querydsl.sql.codegen.keydatafactorytest.test,False,False
573,20354.0,querydsl,com.querydsl.sql.codegen.metadataexportertest.minimal_configuration_with_schemas,False,False
575,20356.0,querydsl,com.querydsl.sql.codegen.metadataexportertest.minimal_configuration_with_tables,False,False
577,20358.0,querydsl,com.querydsl.sql.codegen.metadataexportertest.minimal_configuration_with_suffix,False,False
585,20367.0,querydsl,com.querydsl.sql.codegen.extendednamingstrategytest.getpropertyname,False,True
587,20369.0,querydsl,com.querydsl.sql.codegen.extendednamingstrategytest.getpropertynameforinverseforeignkey,False,False
597,20380.0,querydsl,com.querydsl.sql.codegen.metadataserializertest.assertmethodspresent,False,False
602,20386.0,querydsl,com.querydsl.sql.codegen.originalnamingstrategytest.getpropertynameforforeignkey,False,False
614,20399.0,querydsl,com.querydsl.lucene4.phraseelementtest.test,False,False
625,20412.0,querydsl,com.querydsl.lucene4.lucenequerytest.count,False,False
663,20450.0,querydsl,com.querydsl.lucene4.lucenequerytest.unique_result_considers_limit_and_actual_result_size,False,False
674,20461.0,querydsl,com.querydsl.lucene4.lucenequerytest.count_returns_0_because_no_documents_in_index,False,False
678,20465.0,querydsl,com.querydsl.lucene4.lucenequerytest.list_all,False,False
679,20466.0,querydsl,com.querydsl.lucene4.lucenequerytest.list_sorted_ascending_limit_negative,False,False
692,20479.0,querydsl,com.querydsl.lucene4.queryelementtest.test,False,False
728,20517.0,querydsl,com.querydsl.lucene4.luceneserializertest.nothing_found_with_not_equals_or_equals,False,False
731,20520.0,querydsl,com.querydsl.lucene4.luceneserializertest.startswith_phrase,False,False
733,20522.0,querydsl,com.querydsl.lucene4.luceneserializertest.endswith,False,False
752,20541.0,querydsl,com.querydsl.lucene4.luceneserializertest.lt_numeric_double_not_in_range_because_equal,False,False
758,20547.0,querydsl,com.querydsl.lucene4.luceneserializertest.loe_numeric_double_equal,False,False
803,20592.0,querydsl,com.querydsl.mongodb.mongodbserializertest.noteq,False,False
846,20636.0,querydsl,com.querydsl.codegen.embeddableserializertest.include,False,False
856,20646.0,querydsl,com.querydsl.codegen.classpathutilstest.scanpackage_check_initialized,False,False
875,20667.0,querydsl,com.querydsl.codegen.genericexportertest.export_serializerconfig,False,False
882,20674.0,querydsl,com.querydsl.codegen.entityserializertest.javadocs_for_innerclass,False,False
894,20687.0,querydsl,com.querydsl.codegen.beanserializertest.annotated_property_not_serialized,False,False
909,20703.0,querydsl,com.querydsl.codegen.typefactorytest.collection_of_collection,False,False
926,20720.0,querydsl,com.querydsl.codegen.codegenmoduletest.typemappings,False,False
931,20725.0,querydsl,com.querydsl.hibernate.search.searchserializertest.tofield,False,False
962,20759.0,querydsl,com.querydsl.example.dao.customerdaotest.update,False,False
978,20775.0,querydsl,com.querydsl.example.dao.orderdaotest.update,False,False
985,20782.0,querydsl,com.querydsl.lucene3.lucenequerytest.createdocument,False,False
986,20784.0,querydsl,com.querydsl.lucene3.lucenequerytest.createwriter,False,False
1003,20802.0,querydsl,com.querydsl.lucene3.lucenequerytest.list_sorted_ascending_by_year_offset_2,False,False
1009,20808.0,querydsl,com.querydsl.lucene3.lucenequerytest.count_distinct_property,False,False
1012,20811.0,querydsl,com.querydsl.lucene3.lucenequerytest.list_sorted_descending_by_year_and_ascending_by_title,False,False
1018,20817.0,querydsl,com.querydsl.lucene3.lucenequerytest.load_list_fieldselector,False,False
1025,20824.0,querydsl,com.querydsl.lucene3.lucenequerytest.single_result_considers_offset,False,False
1027,20826.0,querydsl,com.querydsl.lucene3.lucenequerytest.uniqueresult_contract,False,False
1028,20827.0,querydsl,com.querydsl.lucene3.lucenequerytest.unique_result_takes_limit,False,False
1051,20850.0,querydsl,com.querydsl.lucene3.lucenequerytest.list_sorted_ascending_offset_0,False,False
1065,20866.0,querydsl,com.querydsl.lucene3.luceneserializertest.like_custom_wildcard_multiple_character,False,False
1074,20875.0,querydsl,com.querydsl.lucene3.luceneserializertest.eq_numeric_integer,False,False
1099,20900.0,querydsl,com.querydsl.lucene3.luceneserializertest.endswith,False,False
1103,20904.0,querydsl,com.querydsl.lucene3.luceneserializertest.contains_ignore_case_phrase,False,False
1135,20936.0,querydsl,com.querydsl.lucene3.luceneserializertest.goe_numeric_integer,False,False
1139,20940.0,querydsl,com.querydsl.lucene3.luceneserializertest.goe_numeric_double_equal,False,False
1144,20945.0,querydsl,com.querydsl.lucene3.luceneserializertest.not_equals_empty_string,False,False
1145,20946.0,querydsl,com.querydsl.lucene3.luceneserializertest.contains_empty_string,False,False
1150,20951.0,querydsl,com.querydsl.lucene3.luceneserializertest.booleanbuilder,False,False
1151,20952.0,querydsl,com.querydsl.lucene3.luceneserializertest.fuzzy,False,False
1154,20955.0,querydsl,com.querydsl.lucene3.luceneserializertest.pathany,False,False
1158,20959.0,querydsl,com.querydsl.spatial.geometrypathtest.convert,False,False
1180,20982.0,querydsl,com.querydsl.jdo.groupbytest.distinct,False,False
1181,20983.0,querydsl,com.querydsl.jdo.groupbytest.groupby,False,False
1211,21013.0,querydsl,com.querydsl.core.defaultquerymetadatatest.validation_no_error_for_having,False,False
1213,21015.0,querydsl,com.querydsl.core.defaultquerymetadatatest.gethaving,False,False
1222,21024.0,querydsl,com.querydsl.core.defaultquerymetadatatest.getwhere,False,False
1233,21035.0,querydsl,com.querydsl.core.booleanbuildertest.and_empty,False,False
1241,21043.0,querydsl,com.querydsl.core.booleanbuildertest.if_then_else,False,False
1243,21045.0,querydsl,com.querydsl.core.booleanbuildertest.or_null_supported,False,False
1245,21047.0,querydsl,com.querydsl.core.booleanbuildertest.or_not,False,False
1250,21052.0,querydsl,com.querydsl.core.booleanbuildertest.hashcode_,False,False
1252,21054.0,querydsl,com.querydsl.core.booleanbuildertest.accept,False,False
1253,21055.0,querydsl,com.querydsl.core.stringconstanttest.test,False,False
1258,21060.0,querydsl,com.querydsl.core.util.constructorutilstest.getdefaultconstructorparameters,False,False
1259,21061.0,querydsl,com.querydsl.core.util.constructorutilstest.getconstructor,False,False
1272,21074.0,querydsl,com.querydsl.core.util.reflectionutilstest.getimplementedinterfaces,False,False
1277,21079.0,querydsl,com.querydsl.core.util.mathutilstest.cast_returns_null_when_input_is_null,False,False
1282,21084.0,querydsl,com.querydsl.core.util.nullsafecomparablecomparatortest.object_after_null,False,False
1283,21085.0,querydsl,com.querydsl.core.util.nullsafecomparablecomparatortest.object_eq_object,False,False
1288,21091.0,querydsl,com.querydsl.core.util.beanmaptest.primitives,False,False
1305,21108.0,querydsl,com.querydsl.core.serialization.serializerbasetest.test,False,False
1308,21111.0,querydsl,com.querydsl.core.types.javatemplatestest.getprecedence,False,False
1346,21149.0,querydsl,com.querydsl.core.types.qlisttest.newinstance,False,False
1347,21150.0,querydsl,com.querydsl.core.types.templatetest.test,False,False
1352,21155.0,querydsl,com.querydsl.core.types.projectionstest.array,False,False
1372,21175.0,querydsl,com.querydsl.core.types.expressionutilstest.like,False,False
1373,21176.0,querydsl,com.querydsl.core.types.expressionutilstest.count,False,False
1379,21182.0,querydsl,com.querydsl.core.types.expressionutilstest.isnull,False,False
1380,21183.0,querydsl,com.querydsl.core.types.expressionutilstest.isnotnull,False,False
1387,21190.0,querydsl,com.querydsl.core.types.qtupletest.onearray_getargs,False,False
1396,21199.0,querydsl,com.querydsl.core.types.qtupletest.duplicates2,False,False
1407,21212.0,querydsl,com.querydsl.core.types.qbeantest.with_unknown_properties,False,False
1408,21213.0,querydsl,com.querydsl.core.types.qbeantest.with_class_and_map,False,False
1410,21215.0,querydsl,com.querydsl.core.types.qbeantest.with_nested_factoryexpression,False,False
1444,21251.0,querydsl,com.querydsl.core.types.dsl.expressionstest.stringtemplate,False,False
1463,21270.0,querydsl,com.querydsl.core.types.dsl.expressionstest.stringoperation,False,False
1471,21278.0,querydsl,com.querydsl.core.types.dsl.expressionstest.cases,False,False
1489,21296.0,querydsl,com.querydsl.core.types.dsl.numberexpressiontest.between_end_given,False,False
1499,21306.0,querydsl,com.querydsl.core.types.dsl.coalescetest.asc,False,False
1507,21314.0,querydsl,com.querydsl.core.types.dsl.pathbuildertest.getbyexample,False,False
1508,21315.0,querydsl,com.querydsl.core.types.dsl.pathbuildertest.get,False,False
1531,21338.0,querydsl,com.querydsl.core.types.dsl.arrayconstructorexpressiontest.newinstanceobjectarray,False,False
1532,21339.0,querydsl,com.querydsl.core.types.dsl.pathtest.getannotatedelement,False,False
1565,21372.0,querydsl,com.querydsl.core.support.querymixintest.where_null,False,False
1566,21373.0,querydsl,com.querydsl.core.support.querymixintest.getjoins_with_condition,False,False
1570,21377.0,querydsl,com.querydsl.core.support.querymixintest.joins,False,False
1575,21382.0,querydsl,com.querydsl.core.support.numberconversionstest.ordinal,False,False
1585,21392.0,querydsl,com.querydsl.core.support.collectionanyvisitortest.template,False,False
1607,21414.0,querydsl,com.querydsl.core.alias.pathfactorytest.createenumpath,False,False
1617,21424.0,querydsl,com.querydsl.core.alias.pathfactorytest.createmappath,False,False
1628,21435.0,querydsl,com.querydsl.core.group.groupbylisttest.array_access,False,False
1641,21448.0,querydsl,com.querydsl.core.group.groupbyiteratetest.map22,False,False
1655,21462.0,querydsl,com.querydsl.core.group.groupbymaptest.group_by_null,False,False
1683,21490.0,querydsl,com.querydsl.lucene5.phraseelementtest.test,False,False
1688,21495.0,querydsl,com.querydsl.lucene5.lucenequerytest.createdocument,False,False
1694,21503.0,querydsl,com.querydsl.lucene5.lucenequerytest.count,False,False
1702,21511.0,querydsl,com.querydsl.lucene5.lucenequerytest.sorted_by_different_locales,False,False
1706,21515.0,querydsl,com.querydsl.lucene5.lucenequerytest.list_sorted_ascending_by_year_offset_2,False,False
1709,21518.0,querydsl,com.querydsl.lucene5.lucenequerytest.list_sort,False,False
1711,21520.0,querydsl,com.querydsl.lucene5.lucenequerytest.list_with_filter,False,False
1729,21538.0,querydsl,com.querydsl.lucene5.lucenequerytest.single_result_considers_limit_and_offset,False,False
1731,21540.0,querydsl,com.querydsl.lucene5.lucenequerytest.unique_result_takes_limit,False,False
1735,21544.0,querydsl,com.querydsl.lucene5.lucenequerytest.unique_result_considers_limit_and_offset,False,False
1744,21553.0,querydsl,com.querydsl.lucene5.lucenequerytest.listdistinct,False,False
1760,21569.0,querydsl,com.querydsl.lucene5.lucenequerytest.limit_max_value,False,False
1793,21604.0,querydsl,com.querydsl.lucene5.luceneserializertest.title_equals_not_house,False,False
1802,21613.0,querydsl,com.querydsl.lucene5.luceneserializertest.endswith,False,False
1819,21630.0,querydsl,com.querydsl.lucene5.luceneserializertest.lt_not_in_range_because_equal,False,False
1862,21673.0,querydsl,com.querydsl.apt.domain.delegatetest.ismanagedby,False,False
1872,21683.0,querydsl,com.querydsl.apt.domain.rooentitiestest.roojpaactiverecord,False,False
1892,21704.0,querydsl,com.querydsl.apt.domain.p6.typetest.test,False,False
1894,21706.0,querydsl,com.querydsl.apt.booleanextensionstest.process,False,False
1897,21709.0,querydsl,com.querydsl.apt.genericexportertest.execute2,False,False
1904,21716.0,querydsl,com.querydsl.apt.dateextensionstest.getaptoptions,False,False
1914,21726.0,querydsl,com.querydsl.apt.querydslannotationprocessortest.process_genericsignature,False,False
1922,21734.0,querydsl,com.querydsl.apt.querydslannotationprocessortest.jpaannotationprocessor,False,False
14,19769.0,querydsl,com.querydsl.jpa.jpqlserializertest.in,False,False
25,19780.0,querydsl,com.querydsl.jpa.jpqlserializertest.visitliteral_string,False,False
26,19781.0,querydsl,com.querydsl.jpa.jpqlserializertest.visitliteral_enum,False,False
27,19782.0,querydsl,com.querydsl.jpa.jpqlserializertest.substring_indexof,False,False
35,19790.0,querydsl,com.querydsl.jpa.jpaquerymixintest.orderby_long,False,False
47,19803.0,querydsl,com.querydsl.jpa.jpaqueryfactorytest.query3,False,False
54,19810.0,querydsl,com.querydsl.jpa.jpaqueryfactorytest.update3,False,False
58,19814.0,querydsl,com.querydsl.jpa.jpacollectionanyvisitortest.simple_booleanoperation,False,False
66,19823.0,querydsl,com.querydsl.jpa.jpqlquerytest.innerjoinpentityofppentityofp,False,False
71,19828.0,querydsl,com.querydsl.jpa.jpqlquerytest.leftjoinpathofqextendscollectionofppathofp,False,False
84,19843.0,querydsl,com.querydsl.jpa.jpaprovidertest.hibernate,False,False
91,19850.0,querydsl,com.querydsl.jpa.jpaprovidertest.batoo,False,False
102,19863.0,querydsl,com.querydsl.collections.animaltest.date_as_simple,False,False
112,19874.0,querydsl,com.querydsl.collections.collqueryfunctionstest.like_with_special_chars,False,False
119,19881.0,querydsl,com.querydsl.collections.collquerytest.primitives,False,False
126,19888.0,querydsl,com.querydsl.collections.pathmatchertest.mismatch,False,False
140,19902.0,querydsl,com.querydsl.collections.ordertest.with_count,False,False
150,19912.0,querydsl,com.querydsl.collections.groupbytest.comments_by_post,False,False
179,19943.0,querydsl,com.querydsl.collections.documenttest.test3,False,False
184,19948.0,querydsl,com.querydsl.collections.serializationtest.twosources_list,False,False
186,19950.0,querydsl,com.querydsl.collections.serializationtest.onesource_filteredlist,False,False
217,19983.0,querydsl,com.querydsl.sql.sqlserver2005templatestest.precedence,False,False
223,19989.0,querydsl,com.querydsl.sql.sqlserializertest.countdistinct,False,False
236,20002.0,querydsl,com.querydsl.sql.sqlserializertest.join_to_function_with_alias,False,False
247,20013.0,querydsl,com.querydsl.sql.sqlserializertest.withrecursive,False,False
249,20015.0,querydsl,com.querydsl.sql.sqlserializertest.useliterals,False,False
261,20027.0,querydsl,com.querydsl.sql.h2templatestest.precedence,False,False
274,20040.0,querydsl,com.querydsl.sql.javatypemappingtest.gettype_for_primitive,False,False
275,20041.0,querydsl,com.querydsl.sql.coalescetest.coalesce_supports_subquery,False,False
277,20043.0,querydsl,com.querydsl.sql.multikeytest.equals,False,False
284,20050.0,querydsl,com.querydsl.sql.oracletemplatestest.nextval,False,False
307,20073.0,querydsl,com.querydsl.sql.templatestest.test,False,False
315,20081.0,querydsl,com.querydsl.sql.templatetest.tochar,False,False
326,20092.0,querydsl,com.querydsl.sql.teradatatemplatestest.precedence,False,False
334,20100.0,querydsl,com.querydsl.sql.postgresqltemplatestest.nofrom,False,False
394,20163.0,querydsl,com.querydsl.sql.serializationtest.delete_with_subquery_exists,False,False
395,20164.0,querydsl,com.querydsl.sql.serializationtest.nextval,False,False
396,20165.0,querydsl,com.querydsl.sql.serializationtest.functioncall,False,False
407,20176.0,querydsl,com.querydsl.sql.mysqltemplatestest.createtemplates,False,False
408,20177.0,querydsl,com.querydsl.sql.mysqltemplatestest.test,False,False
411,20180.0,querydsl,com.querydsl.sql.mysqltemplatestest.precedence,False,False
413,20183.0,querydsl,com.querydsl.sql.oracle.oraclequeryfactorytest.query,False,False
414,20184.0,querydsl,com.querydsl.sql.oracle.oraclequeryfactorytest.from,False,False
416,20186.0,querydsl,com.querydsl.sql.oracle.oraclequeryfactorytest.insert,False,False
419,20190.0,querydsl,com.querydsl.sql.oracle.oraclequerytest.connectbyprior,False,False
431,20202.0,querydsl,com.querydsl.sql.mssql.windowfunctiontest.mutable,False,False
452,20223.0,querydsl,com.querydsl.sql.types.abstractjsr310datetimetypetest.abstractjsr310datetimetypetest,False,False
454,20225.0,querydsl,com.querydsl.sql.types.abstractjsr310datetimetypetest.tojoda,False,False
455,20226.0,querydsl,com.querydsl.sql.types.abstractjsr310datetimetypetest.tojoda,False,False
470,20241.0,querydsl,com.querydsl.sql.types.jsr310instanttypetest.set,False,False
471,20242.0,querydsl,com.querydsl.sql.types.jsr310instanttypetest.jodaset,False,False
484,20256.0,querydsl,com.querydsl.sql.postgresql.postgresqlqueryfactorytest.delete,False,False
493,20266.0,querydsl,com.querydsl.sql.postgresql.postgresqlquerytest.tostring,False,False
517,20291.0,querydsl,com.querydsl.sql.dml.sqlinsertclausetest.clear,False,False
520,20295.0,querydsl,com.querydsl.sql.mysql.mysqlqueryfactorytest.from,False,False
525,20300.0,querydsl,com.querydsl.sql.mysql.mysqlqueryfactorytest.insertonduplicatekeyupdate2,False,False
535,20311.0,querydsl,com.querydsl.sql.mysql.mysqlquerytest.useindex,False,False
540,20316.0,querydsl,com.querydsl.sql.mysql.mysqlquerytest.bigresult,False,False
545,20321.0,querydsl,com.querydsl.sql.mysql.mysqlquerytest.withrollup,False,False
546,20322.0,querydsl,com.querydsl.sql.mysql.mysqlquerytest.forupdate,False,False
555,20332.0,querydsl,com.querydsl.sql.teradata.setquerybandclausetest.fortransaction,False,False
557,20335.0,querydsl,com.querydsl.sql.codegen.defaultnamingstrategytest.getclassname,False,False
564,20342.0,querydsl,com.querydsl.sql.codegen.defaultnamingstrategytest.getpropertynameforprimarykey_clash,False,False
588,20370.0,querydsl,com.querydsl.sql.codegen.extendednamingstrategytest.getpropertynameforforeignkey,False,False
593,20376.0,querydsl,com.querydsl.sql.codegen.metadataserializertest.getreturnedclass,False,False
599,20383.0,querydsl,com.querydsl.sql.codegen.originalnamingstrategytest.getpropertyname,False,False
618,20403.0,querydsl,com.querydsl.lucene4.termelementtest.testequalsandhashcode,False,False
621,20408.0,querydsl,com.querydsl.lucene4.lucenequerytest.between,False,False
626,20413.0,querydsl,com.querydsl.lucene4.lucenequerytest.count_index_problem,False,False
645,20432.0,querydsl,com.querydsl.lucene4.lucenequerytest.list_sorted_descending_by_gross,False,False
650,20437.0,querydsl,com.querydsl.lucene4.lucenequerytest.offset,False,False
660,20447.0,querydsl,com.querydsl.lucene4.lucenequerytest.single_result_considers_limit_and_offset,False,False
665,20452.0,querydsl,com.querydsl.lucene4.lucenequerytest.unique_result_considers_offset,False,False
667,20454.0,querydsl,com.querydsl.lucene4.lucenequerytest.uniqueresult,False,False
691,20478.0,querydsl,com.querydsl.lucene4.lucenequerytest.limit_max_value,False,False
709,20498.0,querydsl,com.querydsl.lucene4.luceneserializertest.eq_numeric_double,False,False
713,20502.0,querydsl,com.querydsl.lucene4.luceneserializertest.eq_and_eq,False,False
723,20512.0,querydsl,com.querydsl.lucene4.luceneserializertest.eq_not_does_not_find_results,False,False
754,20543.0,querydsl,com.querydsl.lucene4.luceneserializertest.loe_numeric_integer,False,False
760,20549.0,querydsl,com.querydsl.lucene4.luceneserializertest.loe_numeric_integer_not_found,False,False
769,20558.0,querydsl,com.querydsl.lucene4.luceneserializertest.goe_numeric_integer,False,False
771,20560.0,querydsl,com.querydsl.lucene4.luceneserializertest.goe_equal,False,False
786,20575.0,querydsl,com.querydsl.lucene4.luceneserializertest.proximity,False,False
799,20588.0,querydsl,com.querydsl.mongodb.mongodbserializertest.collectionisempty,False,False
805,20594.0,querydsl,com.querydsl.mongodb.mongodbserializertest.lessandgreaterandbetween,False,False
819,20608.0,querydsl,com.querydsl.mongodb.mongodbserializertest.dblist,False,False
820,20609.0,querydsl,com.querydsl.maven.genericexportermojotest.execute,False,False
823,20612.0,querydsl,com.querydsl.maven.jdoexportermojotest.execute,False,False
828,20618.0,querydsl,com.querydsl.maven.metadataexportmojotest.executewithnumericmappings,False,False
863,20654.0,querydsl,com.querydsl.codegen.serializertest.projectionserializer,False,False
865,20656.0,querydsl,com.querydsl.codegen.entitytypetest.uncapsimplename_escaped2,False,False
874,20666.0,querydsl,com.querydsl.codegen.genericexportertest.export_domain_package,False,False
893,20686.0,querydsl,com.querydsl.codegen.beanserializertest.annotated_property,False,False
920,20714.0,querydsl,com.querydsl.codegen.typefactorytest.simpletype,False,False
961,20758.0,querydsl,com.querydsl.example.dao.customerdaotest.findbyid,False,False
971,20768.0,querydsl,com.querydsl.example.dao.persondaotest.delete,False,False
977,20774.0,querydsl,com.querydsl.example.dao.orderdaotest.findbyid,False,False
984,20781.0,querydsl,com.querydsl.lucene3.termelementtest.testequalsandhashcode,False,False
993,20792.0,querydsl,com.querydsl.lucene3.lucenequerytest.countdistinct,False,False
1033,20832.0,querydsl,com.querydsl.lucene3.lucenequerytest.uniqueresult,False,False
1045,20844.0,querydsl,com.querydsl.lucene3.lucenequerytest.list_sorted_ascending_limit_negative,False,False
1050,20849.0,querydsl,com.querydsl.lucene3.lucenequerytest.list_not_sorted_offset_negative,False,False
1058,20857.0,querydsl,com.querydsl.lucene3.queryelementtest.test,False,False
1060,20861.0,querydsl,com.querydsl.lucene3.luceneserializertest.testquery,False,False
1072,20873.0,querydsl,com.querydsl.lucene3.luceneserializertest.fuzzylike_with_similarity,False,False
1083,20884.0,querydsl,com.querydsl.lucene3.luceneserializertest.eq_phrase,False,False
1092,20893.0,querydsl,com.querydsl.lucene3.luceneserializertest.not_equals_finds_one,False,False
1119,20920.0,querydsl,com.querydsl.lucene3.luceneserializertest.loe,False,False
1132,20933.0,querydsl,com.querydsl.lucene3.luceneserializertest.gt_numeric_integer_not_in_range_because_equal,False,False
1141,20942.0,querydsl,com.querydsl.lucene3.luceneserializertest.goe_numeric_integer_not_found,False,False
1146,20947.0,querydsl,com.querydsl.lucene3.luceneserializertest.like_empty_string,False,False
1147,20948.0,querydsl,com.querydsl.lucene3.luceneserializertest.starts_with_empty_string,False,False
1163,20965.0,querydsl,com.querydsl.jdo.jdoqueryfactorytest.delete,False,False
1178,20980.0,querydsl,com.querydsl.jdo.jdosqlquerytest.entityprojections,False,False
1196,20998.0,querydsl,com.querydsl.core.querymodifierstest.limit,False,False
1203,21005.0,querydsl,com.querydsl.core.querymodifierstest.sublist,False,False
1204,21006.0,querydsl,com.querydsl.core.defaultquerymetadatatest.defaultquerymetadatatest,False,False
1205,21007.0,querydsl,com.querydsl.core.defaultquerymetadatatest.addwhere_with_null,False,False
1206,21008.0,querydsl,com.querydsl.core.defaultquerymetadatatest.addwhere_with_booleanbuilder,False,False
1215,21017.0,querydsl,com.querydsl.core.defaultquerymetadatatest.getjoins2,False,False
1246,21048.0,querydsl,com.querydsl.core.booleanbuildertest.not,False,False
1273,21075.0,querydsl,com.querydsl.core.util.mathutilstest.sum,False,False
1274,21076.0,querydsl,com.querydsl.core.util.mathutilstest.difference,False,False
1289,21092.0,querydsl,com.querydsl.core.util.beanmaptest.beanmap,False,False
1314,21117.0,querydsl,com.querydsl.core.types.templateexpressionimpltest.equals,False,False
1317,21120.0,querydsl,com.querydsl.core.types.qmaptest.onearray_getargs,False,False
1319,21122.0,querydsl,com.querydsl.core.types.qmaptest.nestedprojection_getargs,False,False
1332,21135.0,querydsl,com.querydsl.core.types.paramtest.identity,False,False
1342,21145.0,querydsl,com.querydsl.core.types.constructorexpressiontest.factoryexpression_newinstance,False,False
1361,21164.0,querydsl,com.querydsl.core.types.projectionstest.nestedskipnulls2,False,False
1367,21170.0,querydsl,com.querydsl.core.types.expressionutilstest.regextolike_fail,False,False
1374,21177.0,querydsl,com.querydsl.core.types.expressionutilstest.eqconst,False,False
1388,21191.0,querydsl,com.querydsl.core.types.qtupletest.twoexpressionarrays_getargs,False,False
1418,21223.0,querydsl,com.querydsl.core.types.serializationtest.roundtrip,False,False
1420,21225.0,querydsl,com.querydsl.core.types.dsl.booleantemplatetest.false_,False,False
1439,21246.0,querydsl,com.querydsl.core.types.dsl.expressionstest.constant,False,False
1450,21257.0,querydsl,com.querydsl.core.types.dsl.expressionstest.pathclassoftpathofqstring,False,False
1458,21265.0,querydsl,com.querydsl.core.types.dsl.expressionstest.timepathclassoftpathofqstring,False,False
1469,21276.0,querydsl,com.querydsl.core.types.dsl.expressionstest.datetimeoperation,False,False
1491,21298.0,querydsl,com.querydsl.core.types.dsl.coalescetest.withlist,False,False
1502,21309.0,querydsl,com.querydsl.core.types.dsl.pathbuildertest.getenum,False,False
1541,21348.0,querydsl,com.querydsl.core.types.dsl.simpleexpressiontest.case_,False,False
1552,21359.0,querydsl,com.querydsl.core.types.dsl.beanpathtest.instanceofany,False,False
1557,21364.0,querydsl,com.querydsl.core.types.dsl.booleanexpressiontest.andanyof,False,False
1567,21374.0,querydsl,com.querydsl.core.support.querymixintest.getjoins_no_condition,False,False
1568,21375.0,querydsl,com.querydsl.core.support.querymixintest.innerjoin,False,False
1588,21395.0,querydsl,com.querydsl.core.support.enumconversiontest.name,False,False
1589,21396.0,querydsl,com.querydsl.core.support.enumconversiontest.ordinal,False,False
1618,21425.0,querydsl,com.querydsl.core.alias.scalaaccessorstest.scalaaccessors,False,False
1636,21443.0,querydsl,com.querydsl.core.group.groupbyiteratetest.group_by_null,False,False
1638,21445.0,querydsl,com.querydsl.core.group.groupbyiteratetest.classcastexception,False,False
1645,21452.0,querydsl,com.querydsl.core.group.groupbyiteratetest.transform_results,False,False
1657,21464.0,querydsl,com.querydsl.core.group.groupbymaptest.classcastexception,False,False
1660,21467.0,querydsl,com.querydsl.core.group.groupbymaptest.map_sorted_reverse,False,False
1665,21472.0,querydsl,com.querydsl.core.group.groupbymaptest.transform_results,False,False
1680,21487.0,querydsl,com.querydsl.sql.spatial.geodbtemplatestest.test,False,False
1681,21488.0,querydsl,com.querydsl.sql.spatial.mysqlspatialtemplatestest.test,False,False
1682,21489.0,querydsl,com.querydsl.sql.spatial.sqlservergeometrywritertest.roundtrip,False,False
1686,21493.0,querydsl,com.querydsl.lucene5.termelementtest.test,False,False
1691,21500.0,querydsl,com.querydsl.lucene5.lucenequerytest.count_empty_where_clause,False,False
1698,21507.0,querydsl,com.querydsl.lucene5.lucenequerytest.in2,False,False
1699,21508.0,querydsl,com.querydsl.lucene5.lucenequerytest.in_tostring,False,False
1701,21510.0,querydsl,com.querydsl.lucene5.lucenequerytest.list_not_sorted,False,False
1707,21516.0,querydsl,com.querydsl.lucene5.lucenequerytest.list_sorted_ascending_by_year_restrict_limit_2_offset_1,False,False
1708,21517.0,querydsl,com.querydsl.lucene5.lucenequerytest.list_sorted_ascending_by_year,False,False
1712,21521.0,querydsl,com.querydsl.lucene5.lucenequerytest.count_distinct_property,False,False
1713,21522.0,querydsl,com.querydsl.lucene5.lucenequerytest.list_sorted_descending_by_year,False,False
1714,21523.0,querydsl,com.querydsl.lucene5.lucenequerytest.list_sorted_descending_by_gross,False,False
1716,21525.0,querydsl,com.querydsl.lucene5.lucenequerytest.list_sorted_descending_by_year_and_descending_by_title,False,False
1739,21548.0,querydsl,com.querydsl.lucene5.lucenequerytest.uniqueresult_finds_more_than_one_result,False,False
1749,21558.0,querydsl,com.querydsl.lucene5.lucenequerytest.list_not_sorted_limit_negative,False,False
1785,21596.0,querydsl,com.querydsl.lucene5.luceneserializertest.eq_or_eq_and_eq_does_not_find_results,False,False
1792,21603.0,querydsl,com.querydsl.lucene5.luceneserializertest.eq_not_does_not_find_results,False,False
1795,21606.0,querydsl,com.querydsl.lucene5.luceneserializertest.not_equals_finds_one,False,False
1798,21609.0,querydsl,com.querydsl.lucene5.luceneserializertest.ne_and_eq,False,False
1821,21632.0,querydsl,com.querydsl.lucene5.luceneserializertest.lt_numeric_double_not_in_range_because_equal,False,False
1833,21644.0,querydsl,com.querydsl.lucene5.luceneserializertest.gt_numeric_double,False,False
1837,21648.0,querydsl,com.querydsl.lucene5.luceneserializertest.goe,False,False
1840,21651.0,querydsl,com.querydsl.lucene5.luceneserializertest.goe_equal,False,False
1847,21658.0,querydsl,com.querydsl.lucene5.luceneserializertest.not_equals_empty_string,False,False
1848,21659.0,querydsl,com.querydsl.lucene5.luceneserializertest.contains_empty_string,False,False
1850,21661.0,querydsl,com.querydsl.lucene5.luceneserializertest.starts_with_empty_string,False,False
1852,21663.0,querydsl,com.querydsl.lucene5.luceneserializertest.between_empty_strings,False,False
1855,21666.0,querydsl,com.querydsl.lucene5.luceneserializertest.proximity,False,False
1868,21679.0,querydsl,com.querydsl.apt.domain.delegatetest.simpleuser2,False,False
1870,21681.0,querydsl,com.querydsl.apt.domain.ordertest.test,False,False
1882,21693.0,querydsl,com.querydsl.apt.domain.keywordstest.test,False,False
1900,21712.0,querydsl,com.querydsl.apt.genericexportertest.execute,False,False
1901,21713.0,querydsl,com.querydsl.apt.entityextensionstest.handles_entity_extensions_correctly,False,False
1910,21722.0,querydsl,com.querydsl.apt.querydslannotationprocessortest.process_queryembedded4,False,False
1912,21724.0,querydsl,com.querydsl.apt.querydslannotationprocessortest.process_abstractclasses,False,False
1924,21736.0,querydsl,com.querydsl.apt.querydslannotationprocessortest.jdoannotationprocessor,False,False
1,19756.0,querydsl,com.querydsl.jpa.hibernatequerytest.clone_,False,False
15,19770.0,querydsl,com.querydsl.jpa.jpqlserializertest.not_in,False,False
32,19787.0,querydsl,com.querydsl.jpa.jpaquerymixintest.orderby_where,False,False
41,19796.0,querydsl,com.querydsl.jpa.jpaquerymixintest.orderby_embeddable_collection,False,False
44,19800.0,querydsl,com.querydsl.jpa.jpaqueryfactorytest.get,False,False
46,19802.0,querydsl,com.querydsl.jpa.jpaqueryfactorytest.query2,False,False
61,19817.0,querydsl,com.querydsl.jpa.jpacollectionanyvisitortest.simple_stringoperation,False,False
79,19837.0,querydsl,com.querydsl.jpa.jpqltemplatestest.custom_escape,False,False
106,19868.0,querydsl,com.querydsl.collections.aliastest.various1,False,False
115,19877.0,querydsl,com.querydsl.collections.collquerytest.after_and_before,False,False
116,19878.0,querydsl,com.querydsl.collections.collquerytest.arrayprojection,False,False
117,19879.0,querydsl,com.querydsl.collections.collquerytest.cast,False,False
125,19887.0,querydsl,com.querydsl.collections.pathmatchertest.match,False,False
127,19889.0,querydsl,com.querydsl.collections.pathmatchertest.describe,False,False
133,19895.0,querydsl,com.querydsl.collections.cattest.dateassimple,False,False
142,19904.0,querydsl,com.querydsl.collections.collupdateclausetest.execute,False,False
154,19916.0,querydsl,com.querydsl.collections.groupbytest.group_order,False,False
160,19922.0,querydsl,com.querydsl.collections.groupbytest.transform_results,False,False
167,19929.0,querydsl,com.querydsl.collections.collquerytemplatestest.generic_precedence,False,False
182,19946.0,querydsl,com.querydsl.collections.serializationtest.onesource_list,False,False
191,19955.0,querydsl,com.querydsl.collections.serializationtest.onesource_filtered_projectedlist,False,False
210,19976.0,querydsl,com.querydsl.sql.sqlserver2005templatestest.nofrom,False,False
232,19998.0,querydsl,com.querydsl.sql.sqlserializertest.or_in,False,False
233,19999.0,querydsl,com.querydsl.sql.sqlserializertest.some,False,False
238,20004.0,querydsl,com.querydsl.sql.sqlserializertest.crossjoin,False,False
256,20022.0,querydsl,com.querydsl.sql.sqlbindingstest.singlearg,False,False
270,20036.0,querydsl,com.querydsl.sql.sqlserver2012templatestest.nextval,False,False
286,20052.0,querydsl,com.querydsl.sql.hsqldbtemplatestest.createtemplates,False,False
291,20057.0,querydsl,com.querydsl.sql.jdbctypemappingtest.stringtypes,False,False
299,20065.0,querydsl,com.querydsl.sql.sqltemplatestest.assertmatches,False,False
305,20071.0,querydsl,com.querydsl.sql.sqltemplatestest.nextval,False,False
316,20082.0,querydsl,com.querydsl.sql.templatetest.to_date,False,False
317,20083.0,querydsl,com.querydsl.sql.templatetest.to_char,False,False
322,20088.0,querydsl,com.querydsl.sql.teradatatemplatestest.limit,False,False
330,20096.0,querydsl,com.querydsl.sql.sqlservertemplatestest.limit,False,False
331,20097.0,querydsl,com.querydsl.sql.sqlservertemplatestest.nextval,False,False
352,20118.0,querydsl,com.querydsl.sql.configurationtest.npewithnullelementinparameterofchainednamemappingconstructor,False,False
360,20127.0,querydsl,com.querydsl.sql.sqlqueryfactorytest.update,False,False
367,20134.0,querydsl,com.querydsl.sql.columnmetadatatest.fullyconfigured,False,False
380,20149.0,querydsl,com.querydsl.sql.windowfunctiontest.regr,False,False
392,20161.0,querydsl,com.querydsl.sql.serializationtest.update_where,False,False
438,20209.0,querydsl,com.querydsl.sql.types.jsr310zoneddatetimetypetest.set,False,False
439,20210.0,querydsl,com.querydsl.sql.types.jsr310zoneddatetimetypetest.jodaset,False,False
460,20231.0,querydsl,com.querydsl.sql.types.abstractjsr310datetimetypetest.after,False,False
469,20240.0,querydsl,com.querydsl.sql.types.jsr310instanttypetest.jsr310instanttypetest,False,False
479,20250.0,querydsl,com.querydsl.sql.types.jsr310offsetdatetimetypetest.jodaset,False,False
482,20254.0,querydsl,com.querydsl.sql.postgresql.postgresqlqueryfactorytest.query,False,False
489,20262.0,querydsl,com.querydsl.sql.postgresql.postgresqlquerytest.forshare,False,False
492,20265.0,querydsl,com.querydsl.sql.postgresql.postgresqlquerytest.distinct_on,False,False
513,20287.0,querydsl,com.querydsl.sql.dml.sqlinsertclausetest.noconnection,False,False
543,20319.0,querydsl,com.querydsl.sql.mysql.mysqlquerytest.nocache,False,False
550,20326.0,querydsl,com.querydsl.sql.mysql.mysqlquerytest.intostring,False,False
554,20331.0,querydsl,com.querydsl.sql.teradata.setquerybandclausetest.tostring2,False,False
558,20336.0,querydsl,com.querydsl.sql.codegen.defaultnamingstrategytest.getpropertyname,False,False
560,20338.0,querydsl,com.querydsl.sql.codegen.defaultnamingstrategytest.getpropertyname_for_column_with_spaces,False,False
590,20372.0,querydsl,com.querydsl.sql.codegen.extendednamingstrategytest.getdefaultvariablename,False,False
591,20374.0,querydsl,com.querydsl.sql.codegen.metadataserializertest.normal_serialization,False,False
596,20379.0,querydsl,com.querydsl.sql.codegen.metadataserializertest.compile,False,False
607,20392.0,querydsl,com.querydsl.sql.codegen.ant.antmetadataexportertest.execute_inside_ant,False,False
610,20395.0,querydsl,com.querydsl.sql.codegen.support.renamemappingtest.schematabletotable,False,False
612,20397.0,querydsl,com.querydsl.sql.codegen.support.renamemappingtest.schematablecolumntocolumn,False,False
629,20416.0,querydsl,com.querydsl.lucene4.lucenequerytest.in2,False,False
633,20420.0,querydsl,com.querydsl.lucene4.lucenequerytest.sorted_by_different_locales,False,False
637,20424.0,querydsl,com.querydsl.lucene4.lucenequerytest.list_sorted_ascending_by_year_offset_2,False,False
689,20476.0,querydsl,com.querydsl.lucene4.lucenequerytest.empty_index_should_return_empty_list,False,False
690,20477.0,querydsl,com.querydsl.lucene4.lucenequerytest.list_results_throws_an_illegal_argument_exception_when_sum_of_limit_and_offset_is_negative,False,False
700,20489.0,querydsl,com.querydsl.lucene4.luceneserializertest.like_phrase,False,False
729,20518.0,querydsl,com.querydsl.lucene4.luceneserializertest.ne_and_eq,False,False
735,20524.0,querydsl,com.querydsl.lucene4.luceneserializertest.ends_with_ignore_case_phrase_does_not_find_results,False,False
744,20533.0,querydsl,com.querydsl.lucene4.luceneserializertest.between_is_inclusive_to_end,False,False
747,20536.0,querydsl,com.querydsl.lucene4.luceneserializertest.lt,False,False
753,20542.0,querydsl,com.querydsl.lucene4.luceneserializertest.loe,False,False
755,20544.0,querydsl,com.querydsl.lucene4.luceneserializertest.loe_numeric_double,False,False
762,20551.0,querydsl,com.querydsl.lucene4.luceneserializertest.gt,False,False
777,20566.0,querydsl,com.querydsl.lucene4.luceneserializertest.equals_empty_string,False,False
789,20578.0,querydsl,com.querydsl.lucene4.luceneserializertest.unsupportedoperation,False,False
794,20583.0,querydsl,com.querydsl.mongodb.mongodbserializertest.before,False,False
810,20599.0,querydsl,com.querydsl.mongodb.mongodbserializertest.and,False,False
816,20605.0,querydsl,com.querydsl.mongodb.mongodbserializertest.sortlist,False,False
837,20627.0,querydsl,com.querydsl.maven.testmetadataexportmojotest.execute,False,False
839,20629.0,querydsl,com.querydsl.codegen.typemappingstest.isregistered,False,False
844,20634.0,querydsl,com.querydsl.codegen.embeddableserializertest.correct_superclass,False,False
855,20645.0,querydsl,com.querydsl.codegen.classpathutilstest.scanpackage,False,False
862,20653.0,querydsl,com.querydsl.codegen.serializertest.supertypeserializer,False,False
876,20668.0,querydsl,com.querydsl.codegen.genericexportertest.export_usefieldtypes,False,False
883,20675.0,querydsl,com.querydsl.codegen.entityserializertest.different_package,False,False
888,20680.0,querydsl,com.querydsl.codegen.entityserializertest.include,False,False
898,20691.0,querydsl,com.querydsl.codegen.beanserializertest.tostring_,False,False
903,20697.0,querydsl,com.querydsl.codegen.typefactorytest.parameters,False,False
922,20716.0,querydsl,com.querydsl.codegen.typefactorytest.enumtype,False,False
944,20739.0,querydsl,com.querydsl.hibernate.search.searchquerytest.getfirstnames,False,False
946,20741.0,querydsl,com.querydsl.hibernate.search.searchquerytest.query,False,False
955,20752.0,querydsl,com.querydsl.example.jpa.repository.tweetrepositorytest.save_and_find_by_id,False,False
964,20761.0,querydsl,com.querydsl.example.dao.productdaotest.findall,False,False
966,20763.0,querydsl,com.querydsl.example.dao.productdaotest.update,False,False
970,20767.0,querydsl,com.querydsl.example.dao.persondaotest.update,False,False
981,20778.0,querydsl,com.querydsl.lucene3.phraseelementtest.equals,False,False
982,20779.0,querydsl,com.querydsl.lucene3.phraseelementtest.hashcode_,False,False
1004,20803.0,querydsl,com.querydsl.lucene3.lucenequerytest.list_sorted_ascending_by_year_restrict_limit_2_offset_1,False,False
1013,20812.0,querydsl,com.querydsl.lucene3.lucenequerytest.list_sorted_descending_by_year_and_descending_by_title,False,False
1020,20819.0,querydsl,com.querydsl.lucene3.lucenequerytest.load_singleresult_fieldselector,False,False
1054,20853.0,querydsl,com.querydsl.lucene3.lucenequerytest.all_by_excluding_where,False,False
1063,20864.0,querydsl,com.querydsl.lucene3.luceneserializertest.like,False,False
1108,20909.0,querydsl,com.querydsl.lucene3.luceneserializertest.between_numeric,False,False
1110,20911.0,querydsl,com.querydsl.lucene3.luceneserializertest.between_is_inclusive_to_end,False,False
1111,20912.0,querydsl,com.querydsl.lucene3.luceneserializertest.between_does_not_find_results,False,False
1112,20913.0,querydsl,com.querydsl.lucene3.luceneserializertest.in,False,False
1121,20922.0,querydsl,com.querydsl.lucene3.luceneserializertest.loe_numeric_double,False,False
1124,20925.0,querydsl,com.querydsl.lucene3.luceneserializertest.loe_numeric_double_equal,False,False
1129,20930.0,querydsl,com.querydsl.lucene3.luceneserializertest.gt_numeric_integer,False,False
1133,20934.0,querydsl,com.querydsl.lucene3.luceneserializertest.gt_numeric_double_not_in_range_because_equal,False,False
1149,20950.0,querydsl,com.querydsl.lucene3.luceneserializertest.between_empty_strings,False,False
1166,20968.0,querydsl,com.querydsl.jdo.jdoqltemplatestest.generic_precedence,False,False
1167,20969.0,querydsl,com.querydsl.jdo.jdoqltemplatestest.concat,False,False
1168,20970.0,querydsl,com.querydsl.jdo.jdosqlquerytest.sql,False,False
1177,20979.0,querydsl,com.querydsl.jdo.jdosqlquerytest.union_all,False,False
1191,20993.0,querydsl,com.querydsl.core.queryresultstest.isempty,False,False
1208,21010.0,querydsl,com.querydsl.core.defaultquerymetadatatest.addhaving_with_booleanbuilder,False,False
1220,21022.0,querydsl,com.querydsl.core.defaultquerymetadatatest.getorderby,False,False
1224,21026.0,querydsl,com.querydsl.core.defaultquerymetadatatest.isunique,False,False
1232,21034.0,querydsl,com.querydsl.core.booleanbuildertest.null_in_constructor,False,False
1257,21059.0,querydsl,com.querydsl.core.util.constructorutilstest.getsimpleconstructor,False,False
1271,21073.0,querydsl,com.querydsl.core.util.reflectionutilstest.getannotatedelement,False,False
1275,21077.0,querydsl,com.querydsl.core.util.mathutilstest.cast_returns_correct_type,False,False
1291,21094.0,querydsl,com.querydsl.core.util.beanmaptest.tostring_,False,False
1298,21101.0,querydsl,com.querydsl.core.util.beanmaptest.entryset,False,False
1303,21106.0,querydsl,com.querydsl.core.util.arrayutilstest.test,False,False
1310,21113.0,querydsl,com.querydsl.core.types.tostringvisitortest.operation,False,False
1327,21130.0,querydsl,com.querydsl.core.types.mappingprojectiontest.map,False,False
1353,21156.0,querydsl,com.querydsl.core.types.projectionstest.beanclassoftexpressionofqarray,False,False
1355,21158.0,querydsl,com.querydsl.core.types.projectionstest.constructor_varargs,False,False
1370,21173.0,querydsl,com.querydsl.core.types.expressionutilstest.regextolikespeed,False,False
1381,21184.0,querydsl,com.querydsl.core.types.expressionutilstest.neconst,False,False
1402,21206.0,querydsl,com.querydsl.core.types.validatingvisitortest.visitpathofqvoid,False,False
1409,21214.0,querydsl,com.querydsl.core.types.qbeantest.with_class_and_alias,False,False
1419,21224.0,querydsl,com.querydsl.core.types.dsl.booleantemplatetest.true_,False,False
1425,21230.0,querydsl,com.querydsl.core.types.dsl.pathbuildervalidatortest.fields,False,False
1440,21247.0,querydsl,com.querydsl.core.types.dsl.expressionstest.constant_as,False,False
1448,21255.0,querydsl,com.querydsl.core.types.dsl.expressionstest.predicate,False,False
1456,21263.0,querydsl,com.querydsl.core.types.dsl.expressionstest.datetimepathclassoftpathofqstring,False,False
1466,21273.0,querydsl,com.querydsl.core.types.dsl.expressionstest.booleanoperation,False,False
1483,21290.0,querydsl,com.querydsl.core.types.dsl.expressionstest.asenum_returns_a_corresponding_enumexpression_for_a_given_constant,False,False
1517,21324.0,querydsl,com.querydsl.core.types.dsl.templateexpressiontest.factorymethods2,False,False
1522,21329.0,querydsl,com.querydsl.core.types.dsl.mappathtest.getvaluetype,False,False
1523,21330.0,querydsl,com.querydsl.core.types.dsl.mappathtest.getparameter,False,False
1524,21331.0,querydsl,com.querydsl.core.types.dsl.comparableexpressiontest.between_start_given,False,False
1525,21332.0,querydsl,com.querydsl.core.types.dsl.comparableexpressiontest.between_end_given,False,False
1538,21345.0,querydsl,com.querydsl.core.types.dsl.qtupletest.newinstanceobjectarray,False,False
1540,21347.0,querydsl,com.querydsl.core.types.dsl.simpleexpressiontest.as_usage,False,False
1546,21353.0,querydsl,com.querydsl.core.types.dsl.beanpathtest.as_class,False,False
1549,21356.0,querydsl,com.querydsl.core.types.dsl.beanpathtest.as_class_with_inits_cached,False,False
1559,21366.0,querydsl,com.querydsl.core.types.dsl.booleanexpressiontest.not,False,False
1564,21371.0,querydsl,com.querydsl.core.support.orderedquerymetadatatest.validate,False,False
1569,21376.0,querydsl,com.querydsl.core.support.querymixintest.join,False,False
1577,21384.0,querydsl,com.querydsl.core.support.numberconversionstest.number_conversion,False,False
1582,21389.0,querydsl,com.querydsl.core.support.collectionanyvisitortest.simple_booleanoperation,False,False
1586,21393.0,querydsl,com.querydsl.core.support.collectionanyvisitortest.serialize,False,False
1591,21398.0,querydsl,com.querydsl.core.support.constanthidingexpressiontest.constants_hidden,False,False
1603,21410.0,querydsl,com.querydsl.core.alias.pathfactorytest.createarraypath,False,False
1609,21416.0,querydsl,com.querydsl.core.alias.pathfactorytest.createtimepath,False,False
1611,21418.0,querydsl,com.querydsl.core.alias.pathfactorytest.createnumberpath,False,False
1615,21422.0,querydsl,com.querydsl.core.alias.pathfactorytest.createsetpath,False,False
1630,21437.0,querydsl,com.querydsl.core.group.groupbylisttest.transform_as_bean,False,False
1648,21455.0,querydsl,com.querydsl.core.group.groupbyiteratetest.onetoonetomany_projection_as_bean,False,False
1664,21471.0,querydsl,com.querydsl.core.group.groupbymaptest.array_access,False,False
1667,21474.0,querydsl,com.querydsl.core.group.groupbymaptest.transform,False,False
1669,21476.0,querydsl,com.querydsl.core.group.groupbymaptest.onetoonetomany_projection,False,False
1677,21484.0,querydsl,com.querydsl.sql.spatial.pggeometryconvertertest.roundtrip,False,False
1678,21485.0,querydsl,com.querydsl.sql.spatial.teradataspatialtemplatestest.test,False,False
1679,21486.0,querydsl,com.querydsl.sql.spatial.sqlserver2008spatialtemplatestest.test,False,False
1690,21499.0,querydsl,com.querydsl.lucene5.lucenequerytest.between,False,False
1695,21504.0,querydsl,com.querydsl.lucene5.lucenequerytest.count_index_problem,False,False
1715,21524.0,querydsl,com.querydsl.lucene5.lucenequerytest.list_sorted_descending_by_year_and_ascending_by_title,False,False
1719,21528.0,querydsl,com.querydsl.lucene5.lucenequerytest.offset,False,False
1730,21539.0,querydsl,com.querydsl.lucene5.lucenequerytest.uniqueresult_contract,False,False
1736,21545.0,querydsl,com.querydsl.lucene5.lucenequerytest.uniqueresult,False,False
1747,21556.0,querydsl,com.querydsl.lucene5.lucenequerytest.list_all,False,False
1748,21557.0,querydsl,com.querydsl.lucene5.lucenequerytest.list_sorted_ascending_limit_negative,False,False
1751,21560.0,querydsl,com.querydsl.lucene5.lucenequerytest.list_not_sorted_limit_0,False,False
1766,21577.0,querydsl,com.querydsl.lucene5.luceneserializertest.like,False,False
1772,21583.0,querydsl,com.querydsl.lucene5.luceneserializertest.eq,False,False
1789,21600.0,querydsl,com.querydsl.lucene5.luceneserializertest.eq_phrase_does_not_find_results_because_word_in_middle,False,False
1817,21628.0,querydsl,com.querydsl.lucene5.luceneserializertest.lt_numeric_integer,False,False
1829,21640.0,querydsl,com.querydsl.lucene5.luceneserializertest.loe_numeric_integer_not_found,False,False
1841,21652.0,querydsl,com.querydsl.lucene5.luceneserializertest.goe_numeric_integer_equal,False,False
1873,21684.0,querydsl,com.querydsl.apt.domain.abstractentitytest.path_is_available,False,False
1883,21694.0,querydsl,com.querydsl.apt.domain.simpletypestest.list_access,False,False
1887,21698.0,querydsl,com.querydsl.apt.domain.simpletypestest.custom_number,False,False
1905,21717.0,querydsl,com.querydsl.apt.querydslannotationprocessortest.process,False,False
1907,21719.0,querydsl,com.querydsl.apt.querydslannotationprocessortest.process_inheritance3,False,False
1917,21729.0,querydsl,com.querydsl.apt.querydslannotationprocessortest.process_entityinheritancetest,False,False
1919,21731.0,querydsl,com.querydsl.apt.querydslannotationprocessortest.process_externalentitytest,False,False
16,19771.0,querydsl,com.querydsl.jpa.jpqlserializertest.like,False,False
36,19791.0,querydsl,com.querydsl.jpa.jpaquerymixintest.orderby_reuse,False,False
39,19794.0,querydsl,com.querydsl.jpa.jpaquerymixintest.orderby_embeddable,False,False
42,19797.0,querydsl,com.querydsl.jpa.jpaquerymixintest.orderby_nullslast,False,False
50,19806.0,querydsl,com.querydsl.jpa.jpaqueryfactorytest.delete2,False,False
60,19816.0,querydsl,com.querydsl.jpa.jpacollectionanyvisitortest.simple_booleanoperation_elementcollection,False,False
67,19824.0,querydsl,com.querydsl.jpa.jpqlquerytest.innerjoinpathofqextendscollectionofppathofp,False,False
73,19831.0,querydsl,com.querydsl.jpa.hibernatequeryfactorytest.get,False,False
74,19832.0,querydsl,com.querydsl.jpa.hibernatequeryfactorytest.query,False,False
85,19844.0,querydsl,com.querydsl.jpa.jpaprovidertest.hibernate_for_proxy,False,False
89,19848.0,querydsl,com.querydsl.jpa.jpaprovidertest.invoke,False,False
92,19851.0,querydsl,com.querydsl.jpa.nativesqlserializertest.in,False,False
96,19855.0,querydsl,com.querydsl.jpa.querymutabilitytest.setsession,False,False
105,19867.0,querydsl,com.querydsl.collections.aliastest.alias3,False,False
122,19884.0,querydsl,com.querydsl.collections.collquerytest.bigdecimals,False,False
137,19899.0,querydsl,com.querydsl.collections.querymetadatatest.reusage,False,False
138,19900.0,querydsl,com.querydsl.collections.ordertest.test,False,False
164,19926.0,querydsl,com.querydsl.collections.groupbytest.onetoonetomany_projection_as_bean_and_constructor,False,False
165,19927.0,querydsl,com.querydsl.collections.groupbytest.toint,False,False
168,19930.0,querydsl,com.querydsl.collections.collquerytemplatestest.concat,False,False
175,19938.0,querydsl,com.querydsl.collections.jodatimetemplatestest.localdate,False,False
185,19949.0,querydsl,com.querydsl.collections.serializationtest.twosources_list,False,False
192,19956.0,querydsl,com.querydsl.collections.serializationtest.onesource_filtered_projectedunique,False,False
202,19966.0,querydsl,com.querydsl.sql.relationalpathextractortest.subquery2,False,False
206,19972.0,querydsl,com.querydsl.sql.sqlcloselistenertest.fetchresults,False,False
215,19981.0,querydsl,com.querydsl.sql.sqlserver2005templatestest.modifiers_noorder,False,False
226,19992.0,querydsl,com.querydsl.sql.sqlserializertest.dynamicquery2,False,False
260,20026.0,querydsl,com.querydsl.sql.h2templatestest.builder,False,False
282,20048.0,querydsl,com.querydsl.sql.oracletemplatestest.modifiers2,False,False
283,20049.0,querydsl,com.querydsl.sql.oracletemplatestest.in,False,False
294,20060.0,querydsl,com.querydsl.sql.jdbctypemappingtest.numerictypes,False,False
324,20090.0,querydsl,com.querydsl.sql.teradatatemplatestest.limit_offset,False,False
327,20093.0,querydsl,com.querydsl.sql.sqlservertemplatestest.nofrom,False,False
335,20101.0,querydsl,com.querydsl.sql.postgresqltemplatestest.union,False,False
336,20102.0,querydsl,com.querydsl.sql.postgresqltemplatestest.precedence,False,False
340,20106.0,querydsl,com.querydsl.sql.derbytemplatestest.precedence,False,False
374,20143.0,querydsl,com.querydsl.sql.querymutabilitytest.test,False,False
375,20144.0,querydsl,com.querydsl.sql.querymutabilitytest.clone_,False,False
383,20152.0,querydsl,com.querydsl.sql.windowfunctiontest.rows_currentrow,False,False
389,20158.0,querydsl,com.querydsl.sql.serializationtest.rightjoin,False,False
404,20173.0,querydsl,com.querydsl.sql.serializationtest.with_tuple,False,False
410,20179.0,querydsl,com.querydsl.sql.mysqltemplatestest.order_nullslast,False,False
427,20198.0,querydsl,com.querydsl.sql.mssql.sqlserverquerytest.tablehints_single,False,False
429,20200.0,querydsl,com.querydsl.sql.mssql.sqlserverquerytest.tablehints_multiple2,False,False
435,20206.0,querydsl,com.querydsl.sql.types.localetypetest.lang_country,False,False
437,20208.0,querydsl,com.querydsl.sql.types.jsr310zoneddatetimetypetest.jsr310zoneddatetimetypetest,False,False
441,20212.0,querydsl,com.querydsl.sql.types.jsr310localtimetypetest.jsr310localtimetypetest,False,False
451,20222.0,querydsl,com.querydsl.sql.types.jsr310localdatetimetypetest.get,False,False
485,20257.0,querydsl,com.querydsl.sql.postgresql.postgresqlqueryfactorytest.insert,False,False
486,20258.0,querydsl,com.querydsl.sql.postgresql.postgresqlqueryfactorytest.update,False,False
499,20273.0,querydsl,com.querydsl.sql.dml.beanmappertest.extract2,False,False
515,20289.0,querydsl,com.querydsl.sql.dml.sqlinsertclausetest.bulk,False,False
521,20296.0,querydsl,com.querydsl.sql.mysql.mysqlqueryfactorytest.delete,False,False
533,20309.0,querydsl,com.querydsl.sql.mysql.mysqlquerytest.forceindex,False,False
563,20341.0,querydsl,com.querydsl.sql.codegen.defaultnamingstrategytest.getpropertynameforprimarykey,False,False
574,20355.0,querydsl,com.querydsl.sql.codegen.metadataexportertest.minimal_configuration_with_schemas_and_tables,False,False
579,20360.0,querydsl,com.querydsl.sql.codegen.metadataexportertest.minimal_configuration_only_direct_foreign_keys,False,False
581,20362.0,querydsl,com.querydsl.sql.codegen.metadataexportertest.minimal_configuration_with_bean_suffix,False,False
584,20366.0,querydsl,com.querydsl.sql.codegen.extendednamingstrategytest.getclassname,False,False
595,20378.0,querydsl,com.querydsl.sql.codegen.metadataserializertest.setvalue,False,False
598,20382.0,querydsl,com.querydsl.sql.codegen.originalnamingstrategytest.getclassname,False,False
615,20400.0,querydsl,com.querydsl.lucene4.phraseelementtest.equals,False,False
616,20401.0,querydsl,com.querydsl.lucene4.phraseelementtest.hashcode_,False,False
617,20402.0,querydsl,com.querydsl.lucene4.termelementtest.test,False,False
624,20411.0,querydsl,com.querydsl.lucene4.lucenequerytest.notexists,False,False
634,20421.0,querydsl,com.querydsl.lucene4.lucenequerytest.list_not_sorted_limit_2,False,False
638,20425.0,querydsl,com.querydsl.lucene4.lucenequerytest.list_sorted_ascending_by_year_restrict_limit_2_offset_1,False,False
643,20430.0,querydsl,com.querydsl.lucene4.lucenequerytest.count_distinct_property,False,False
646,20433.0,querydsl,com.querydsl.lucene4.lucenequerytest.list_sorted_descending_by_year_and_ascending_by_title,False,False
648,20435.0,querydsl,com.querydsl.lucene4.lucenequerytest.list_index_problem_in_max_doc,False,False
655,20442.0,querydsl,com.querydsl.lucene4.lucenequerytest.singleresult,False,False
693,20480.0,querydsl,com.querydsl.lucene4.luceneserializertest.createdocument,False,False
703,20492.0,querydsl,com.querydsl.lucene4.luceneserializertest.eq,False,False
704,20493.0,querydsl,com.querydsl.lucene4.luceneserializertest.eq_with_deep_path,False,False
706,20495.0,querydsl,com.querydsl.lucene4.luceneserializertest.fuzzylike_with_similarity,False,False
716,20505.0,querydsl,com.querydsl.lucene4.luceneserializertest.eq_or_eq_and_eq_does_not_find_results,False,False
730,20519.0,querydsl,com.querydsl.lucene4.luceneserializertest.startswith,False,False
736,20525.0,querydsl,com.querydsl.lucene4.luceneserializertest.contains,False,False
746,20535.0,querydsl,com.querydsl.lucene4.luceneserializertest.in,False,False
751,20540.0,querydsl,com.querydsl.lucene4.luceneserializertest.lt_numeric_integer_not_in_range_because_equal,False,False
776,20565.0,querydsl,com.querydsl.lucene4.luceneserializertest.goe_numeric_double_not_found,False,False
781,20570.0,querydsl,com.querydsl.lucene4.luceneserializertest.starts_with_empty_string,False,False
812,20601.0,querydsl,com.querydsl.mongodb.mongodbserializertest.near_sphere,False,False
813,20602.0,querydsl,com.querydsl.mongodb.mongodbserializertest.not,False,False
825,20615.0,querydsl,com.querydsl.maven.metadataexportmojotest.execute_with_customtypes,False,False
829,20619.0,querydsl,com.querydsl.maven.metadataexportmojotest.executewithbeans,False,False
832,20622.0,querydsl,com.querydsl.maven.metadataexportmojotest.executewithbeans2,False,False
833,20623.0,querydsl,com.querydsl.maven.metadataexportmojotest.executewithbeans3,False,False
838,20628.0,querydsl,com.querydsl.codegen.typemappingstest.getpathtype_of_innerclass,False,False
845,20635.0,querydsl,com.querydsl.codegen.embeddableserializertest.primitive_array,False,False
850,20640.0,querydsl,com.querydsl.codegen.delegatetest.not_equals_object,False,False
853,20643.0,querydsl,com.querydsl.codegen.querytypefactorytest.suffix_only,False,False
854,20644.0,querydsl,com.querydsl.codegen.querytypefactorytest.prefix_and_package_suffix,False,False
867,20659.0,querydsl,com.querydsl.codegen.genericexportertest.export,False,False
868,20660.0,querydsl,com.querydsl.codegen.genericexportertest.export_with_keywords,False,False
869,20661.0,querydsl,com.querydsl.codegen.genericexportertest.export_with_stopclass,False,False
890,20682.0,querydsl,com.querydsl.codegen.entityserializertest.supertype,False,False
912,20706.0,querydsl,com.querydsl.codegen.typefactorytest.generics_typevariable,False,False
945,20740.0,querydsl,com.querydsl.hibernate.search.searchquerytest.createuser,False,False
950,20746.0,querydsl,com.querydsl.example.sql.repository.tweetrepositorytest.find_list_by_predicate,False,False
951,20747.0,querydsl,com.querydsl.example.sql.repository.userrepositorytest.save_and_get_by_id,False,False
953,20749.0,querydsl,com.querydsl.example.sql.repository.userrepositorytest.get_all_with_tweet_count,False,False
956,20753.0,querydsl,com.querydsl.example.jpa.repository.tweetrepositorytest.find_list_by_predicate,False,False
959,20756.0,querydsl,com.querydsl.example.jpa.repository.userrepositorytest.get_all,False,False
975,20772.0,querydsl,com.querydsl.example.dao.supplierdaotest.delete,False,False
1000,20799.0,querydsl,com.querydsl.lucene3.lucenequerytest.list_not_sorted_limit_2,False,False
1006,20805.0,querydsl,com.querydsl.lucene3.lucenequerytest.list_sort,False,False
1010,20809.0,querydsl,com.querydsl.lucene3.lucenequerytest.list_sorted_descending_by_year,False,False
1035,20834.0,querydsl,com.querydsl.lucene3.lucenequerytest.uniqueresult_param_not_set,False,False
1062,20863.0,querydsl,com.querydsl.lucene3.luceneserializertest.queryelement,False,False
1090,20891.0,querydsl,com.querydsl.lucene3.luceneserializertest.title_equals_not_house,False,False
1101,20902.0,querydsl,com.querydsl.lucene3.luceneserializertest.ends_with_ignore_case_phrase_does_not_find_results,False,False
1107,20908.0,querydsl,com.querydsl.lucene3.luceneserializertest.between_numeric_double,False,False
1117,20918.0,querydsl,com.querydsl.lucene3.luceneserializertest.lt_numeric_integer_not_in_range_because_equal,False,False
1125,20926.0,querydsl,com.querydsl.lucene3.luceneserializertest.loe_not_found,False,False
1128,20929.0,querydsl,com.querydsl.lucene3.luceneserializertest.gt,False,False
1165,20967.0,querydsl,com.querydsl.jdo.jdoqltemplatestest.getprecedence,False,False
1185,20987.0,querydsl,com.querydsl.jdo.querymutabilitytest.clone_,False,False
1190,20992.0,querydsl,com.querydsl.core.queryresultstest.gettotal,False,False
1207,21009.0,querydsl,com.querydsl.core.defaultquerymetadatatest.addhaving_with_null,False,False
1230,21032.0,querydsl,com.querydsl.core.defaultquerymetadatatest.hashcode_,False,False
1240,21042.0,querydsl,com.querydsl.core.booleanbuildertest.advanced,False,False
1247,21049.0,querydsl,com.querydsl.core.booleanbuildertest.booleanbuilder_equals_booleanbuilder,False,False
1254,21056.0,querydsl,com.querydsl.core.stringconstanttest.test2,False,False
1270,21072.0,querydsl,com.querydsl.core.util.multiiteratortest.row,False,False
1280,21082.0,querydsl,com.querydsl.core.util.mathutilstest.checksame,False,False
1287,21090.0,querydsl,com.querydsl.core.util.beanmaptest.clear,False,False
1304,21107.0,querydsl,com.querydsl.core.serialization.javatemplatestest.mappings,False,False
1311,21114.0,querydsl,com.querydsl.core.types.tostringvisitortest.template,False,False
1316,21119.0,querydsl,com.querydsl.core.types.qmaptest.twoexpressions_getargs,False,False
1326,21129.0,querydsl,com.querydsl.core.types.mappingprojectiontest.two_args,False,False
1336,21139.0,querydsl,com.querydsl.core.types.constructorexpressiontest.create,False,False
1339,21142.0,querydsl,com.querydsl.core.types.constructorexpressiontest.create4,False,False
1343,21146.0,querydsl,com.querydsl.core.types.constructorexpressiontest.serializability,False,False
1356,21159.0,querydsl,com.querydsl.core.types.projectionstest.constructor_varargs2,False,False
1364,21167.0,querydsl,com.querydsl.core.types.expressionutilstest.liketoregexspeed,False,False
1375,21178.0,querydsl,com.querydsl.core.types.expressionutilstest.eq,False,False
1390,21193.0,querydsl,com.querydsl.core.types.qtupletest.nestedprojection_getargs2,False,False
1395,21198.0,querydsl,com.querydsl.core.types.qtupletest.duplicates,False,False
1398,21202.0,querydsl,com.querydsl.core.types.validatingvisitortest.visitconstantofqvoid,False,False
1403,21207.0,querydsl,com.querydsl.core.types.validatingvisitortest.visitsubqueryexpressionofqvoid,False,False
1430,21235.0,querydsl,com.querydsl.core.types.dsl.pathinitstest.wildcard2,False,False
1445,21252.0,querydsl,com.querydsl.core.types.dsl.expressionstest.booleantemplate,False,False
1451,21258.0,querydsl,com.querydsl.core.types.dsl.expressionstest.comparablepathclassoftstring,False,False
1459,21266.0,querydsl,com.querydsl.core.types.dsl.expressionstest.numberpathclassoftstring,False,False
1494,21301.0,querydsl,com.querydsl.core.types.dsl.coalescetest.asstring,False,False
1504,21311.0,querydsl,com.querydsl.core.types.dsl.pathbuildertest.getarray,False,False
1509,21316.0,querydsl,com.querydsl.core.types.dsl.pathbuildertest.various,False,False
1512,21319.0,querydsl,com.querydsl.core.types.dsl.collectionpathtest.tostring_,False,False
1516,21323.0,querydsl,com.querydsl.core.types.dsl.templateexpressiontest.factorymethods,False,False
1527,21334.0,querydsl,com.querydsl.core.types.dsl.listpathtest.getelementtype,False,False
1535,21342.0,querydsl,com.querydsl.core.types.dsl.pathtest.various_properties,False,False
1543,21350.0,querydsl,com.querydsl.core.types.dsl.simpleexpressiontest.various,False,False
1551,21358.0,querydsl,com.querydsl.core.types.dsl.beanpathtest.instanceof,False,False
1560,21367.0,querydsl,com.querydsl.core.types.dsl.booleanexpressiontest.istrue,False,False
1562,21369.0,querydsl,com.querydsl.core.support.orderedquerymetadatatest.addjoin,False,False
1571,21378.0,querydsl,com.querydsl.core.support.querymixintest.leftjoin,False,False
1581,21388.0,querydsl,com.querydsl.core.support.collectionanyvisitortest.very_long_path,False,False
1596,21403.0,querydsl,com.querydsl.core.alias.aliastest.comparableentity,False,False
1598,21405.0,querydsl,com.querydsl.core.alias.aliastest.basicusage,False,False
1600,21407.0,querydsl,com.querydsl.core.alias.aliastest.othermethods,False,False
1612,21419.0,querydsl,com.querydsl.core.alias.pathfactorytest.createbooleanpath,False,False
1622,21429.0,querydsl,com.querydsl.core.group.groupbylisttest.nosuchelementexception,False,False
1623,21430.0,querydsl,com.querydsl.core.group.groupbylisttest.classcastexception,False,False
1627,21434.0,querydsl,com.querydsl.core.group.groupbylisttest.map4,False,False
1631,21438.0,querydsl,com.querydsl.core.group.groupbylisttest.onetoonetomany_projection,False,False
1634,21441.0,querydsl,com.querydsl.core.group.groupbyiteratetest.group_order,False,False
1652,21459.0,querydsl,com.querydsl.core.group.groupbymaptest.set_by_sorted,False,False
1661,21468.0,querydsl,com.querydsl.core.group.groupbymaptest.map2,False,False
1662,21469.0,querydsl,com.querydsl.core.group.groupbymaptest.map3,False,False
1675,21482.0,querydsl,com.querydsl.sql.spatial.jgeometryconvertertest.multilinestring,False,False
1684,21491.0,querydsl,com.querydsl.lucene5.phraseelementtest.equals,False,False
1689,21497.0,querydsl,com.querydsl.lucene5.lucenequerytest.createwriter,False,False
1693,21502.0,querydsl,com.querydsl.lucene5.lucenequerytest.notexists,False,False
1710,21519.0,querydsl,com.querydsl.lucene5.lucenequerytest.list_distinct_property,False,False
1717,21526.0,querydsl,com.querydsl.lucene5.lucenequerytest.list_index_problem_in_max_doc,False,False
1718,21527.0,querydsl,com.querydsl.lucene5.lucenequerytest.list_sorted_index_problem_in_max_doc,False,False
1720,21529.0,querydsl,com.querydsl.lucene5.lucenequerytest.load_list,False,False
1724,21533.0,querydsl,com.querydsl.lucene5.lucenequerytest.singleresult,False,False
1738,21547.0,querydsl,com.querydsl.lucene5.lucenequerytest.uniqueresult_param_not_set,False,False
1759,21568.0,querydsl,com.querydsl.lucene5.lucenequerytest.list_results_throws_an_illegal_argument_exception_when_sum_of_limit_and_offset_is_negative,False,False
1763,21574.0,querydsl,com.querydsl.lucene5.luceneserializertest.testquery,False,False
1771,21582.0,querydsl,com.querydsl.lucene5.luceneserializertest.like_and_like,False,False
1813,21624.0,querydsl,com.querydsl.lucene5.luceneserializertest.between_is_inclusive_to_end,False,False
1815,21626.0,querydsl,com.querydsl.lucene5.luceneserializertest.in,False,False
1820,21631.0,querydsl,com.querydsl.lucene5.luceneserializertest.lt_numeric_integer_not_in_range_because_equal,False,False
1823,21634.0,querydsl,com.querydsl.lucene5.luceneserializertest.loe_numeric_integer,False,False
1834,21645.0,querydsl,com.querydsl.lucene5.luceneserializertest.gt_not_in_range_because_equal,False,False
1849,21660.0,querydsl,com.querydsl.lucene5.luceneserializertest.like_empty_string,False,False
1867,21678.0,querydsl,com.querydsl.apt.domain.delegatetest.simpleuser,False,False
1875,21686.0,querydsl,com.querydsl.apt.domain.monitoredcompanytest.test,False,False
1879,21690.0,querydsl,com.querydsl.apt.domain.entitytest.supertype_paths,False,False
