,id,nameProject,testCase,isFlaky,prediction
0,34611.0,fastjson,com.alibaba.fastjson.jsonpathtest.eq1,False,False
17,34628.0,fastjson,com.alibaba.fastjson.parser.jsonscannertest.checkdate8,False,False
21,34632.0,fastjson,com.alibaba.fastjson.parser.jsonscannertest.checkdate12,False,False
38,34649.0,fastjson,com.alibaba.fastjson.parser.jsonscannertest.checktime12,False,False
42,34653.0,fastjson,com.alibaba.fastjson.parser.jsonscannertest.checktime16,False,False
78,34691.0,fastjson,com.alibaba.json.bvt.defaultjsonparsertest.test_error7,False,False
81,34695.0,fastjson,com.alibaba.json.bvt.timestamptest.test_0,False,False
82,34696.0,fastjson,com.alibaba.json.bvt.jsontokentest.test_0,False,False
84,34699.0,fastjson,com.alibaba.json.bvt.symboltabletest.test_symbol,False,False
91,34706.0,fastjson,com.alibaba.json.bvt.jsonarraytest.test_getobject_map,False,False
94,34709.0,fastjson,com.alibaba.json.bvt.jsonarraytest.test_constructor,False,False
96,34711.0,fastjson,com.alibaba.json.bvt.serializewritertest.test_0,False,False
99,34714.0,fastjson,com.alibaba.json.bvt.serializewritertest.test_5,False,False
137,34752.0,fastjson,com.alibaba.json.bvt.parser.typeutilstest.test_cast_to_short,False,False
145,34760.0,fastjson,com.alibaba.json.bvt.parser.typeutilstest.test_cast_to_string,False,False
147,34762.0,fastjson,com.alibaba.json.bvt.parser.typeutilstest.test_cast_to_sqldate,False,False
155,34770.0,fastjson,com.alibaba.json.bvt.parser.typeutilstest.test_cast_to_sqldate_error,False,False
162,34777.0,fastjson,com.alibaba.json.bvt.parser.typeutilstest.test_cast_to_biginteger_same,False,False
163,34778.0,fastjson,com.alibaba.json.bvt.parser.typeutilstest.test_cast_array,False,False
173,34788.0,fastjson,com.alibaba.json.bvt.parser.typeutilstest.test_error_2,False,False
177,34792.0,fastjson,com.alibaba.json.bvt.parser.datetest.test_0,False,False
179,34794.0,fastjson,com.alibaba.json.bvt.parser.typereferencetest.test_list,False,False
182,34797.0,fastjson,com.alibaba.json.bvt.parser.defaultextjsonparsertest.testcast,False,False
185,34800.0,fastjson,com.alibaba.json.bvt.parser.defaultextjsonparsertest.test_parsearraywithtype,False,False
192,34807.0,fastjson,com.alibaba.json.bvt.parser.stream.jsonreadertest.test_read,False,False
195,34810.0,fastjson,com.alibaba.json.bvt.parser.stream.jsonreaderscannertest.test_doublequote_2,False,False
196,34811.0,fastjson,com.alibaba.json.bvt.parser.stream.jsonreadertest_error.test_read,False,False
200,34816.0,fastjson,com.alibaba.json.bvt.parser.deser.throwabledeserializertest.test_error,False,False
260,34879.0,fastjson,com.alibaba.json.bvt.support.spring.genericfastjsonredisserializertest.test_2,False,False
273,34893.0,fastjson,com.alibaba.json.bvt.support.spring.fastjsonjsonviewtest.process,False,False
350,34974.0,fastjson,com.alibaba.json.bvt.serializer.simplepropertyprefiltertest.test_exclude_id,False,False
360,34984.0,fastjson,com.alibaba.json.bvt.serializer.jsonserializertest2.close,False,False
361,34985.0,fastjson,com.alibaba.json.bvt.serializer.bugtest1.test_0,False,False
362,34986.0,fastjson,com.alibaba.json.bvt.serializer.bugtest1.test_1,False,False
369,34993.0,fastjson,com.alibaba.json.bvt.serializer.jsonserializermaptest.size,False,False
375,34999.0,fastjson,com.alibaba.json.bvt.serializer.javabeanserializertest.test_error_1_s,False,False
383,35007.0,fastjson,com.alibaba.json.bvt.serializer.listserializertest.test_4_s,False,False
396,35020.0,fastjson,com.alibaba.json.bvt.serializer.mapserializertest.test_special3_s,False,False
397,35021.0,fastjson,com.alibaba.json.bvt.serializer.mapserializertest.test_4,False,False
402,35026.0,fastjson,com.alibaba.json.bvt.serializer.serializewritertest.test_1,False,False
416,35040.0,fastjson,com.alibaba.json.bvt.serializer.serializewritertest.test_17,False,False
421,35045.0,fastjson,com.alibaba.json.bvt.serializer.serializewritertest.test_error_2,False,False
423,35047.0,fastjson,com.alibaba.json.bvt.serializer.serializewritertest.test_error_4,False,False
446,35070.0,fastjson,com.alibaba.json.bvt.serializer.stringserializertest.test_12,False,False
453,35077.0,fastjson,com.alibaba.json.bvt.serializer.jsonserializertest.test_1_s,False,False
455,35079.0,fastjson,com.alibaba.json.bvt.serializer.jsonserializertest.test_2_s,False,False
458,35082.0,fastjson,com.alibaba.json.bvt.serializer.jsonserializertest.test_3_s,False,False
462,35086.0,fastjson,com.alibaba.json.bvt.serializer.jsonserializertest.test_error,False,False
472,35096.0,fastjson,com.alibaba.json.bvt.serializer.jsonserializertest.test_11,False,False
476,35100.0,fastjson,com.alibaba.json.bvt.serializer.jsonserializertest.test_15,False,False
491,35116.0,fastjson,com.alibaba.json.bvt.serializer.filters.beforefiltertest.writebefore,False,False
503,35128.0,fastjson,com.alibaba.json.bvt.serializer.filters.valuefiltertest.process,False,False
507,35132.0,fastjson,com.alibaba.json.bvt.serializer.filters.propertyfiltertest.apply,False,False
528,35153.0,fastjson,com.alibaba.json.bvt.serializer.filters.afterfiltertest.writeafter,False,False
539,35164.0,fastjson,com.alibaba.json.bvt.issue_1700.issue1769.test_for_issue,True,True
2,34613.0,fastjson,com.alibaba.fastjson.jsonpathtest.isdigitfirst1,False,False
9,34620.0,fastjson,com.alibaba.fastjson.parser.jsonscannertest.chararraycompare4,False,False
12,34623.0,fastjson,com.alibaba.fastjson.parser.jsonscannertest.checkdate3,False,False
14,34625.0,fastjson,com.alibaba.fastjson.parser.jsonscannertest.checkdate5,False,False
23,34634.0,fastjson,com.alibaba.fastjson.parser.jsonscannertest.checkdate14,False,False
26,34637.0,fastjson,com.alibaba.fastjson.parser.jsonscannertest.checkdate17,False,False
34,34645.0,fastjson,com.alibaba.fastjson.parser.jsonscannertest.checktime8,False,False
39,34650.0,fastjson,com.alibaba.fastjson.parser.jsonscannertest.checktime13,False,False
41,34652.0,fastjson,com.alibaba.fastjson.parser.jsonscannertest.checktime15,False,False
43,34654.0,fastjson,com.alibaba.fastjson.parser.jsonscannertest.checktime17,False,False
50,34663.0,fastjson,com.alibaba.fastjson.serializer.serializewritertest.testwritelitespecilastr,False,False
54,34667.0,fastjson,com.alibaba.json.bvt.jsonobjecttest.test_tojsonobject,False,False
56,34669.0,fastjson,com.alibaba.json.bvt.jsonobjecttest.test_getlong,False,False
67,34680.0,fastjson,com.alibaba.json.bvt.jsonobjecttest.test_getobject_map,False,False
71,34684.0,fastjson,com.alibaba.json.bvt.defaultjsonparsertest.test_double,False,False
72,34685.0,fastjson,com.alibaba.json.bvt.defaultjsonparsertest.test_double_in_object,False,False
73,34686.0,fastjson,com.alibaba.json.bvt.defaultjsonparsertest.test_error,False,False
76,34689.0,fastjson,com.alibaba.json.bvt.defaultjsonparsertest.test_error4,False,False
100,34715.0,fastjson,com.alibaba.json.bvt.serializewritertest.test_6,False,False
115,34730.0,fastjson,com.alibaba.json.bvt.asm.asmutilstest.test_isanroid,False,False
139,34754.0,fastjson,com.alibaba.json.bvt.parser.typeutilstest.test_cast_to_byte,False,False
160,34775.0,fastjson,com.alibaba.json.bvt.parser.typeutilstest.test_cast_to_timestamp_null2,False,False
165,34780.0,fastjson,com.alibaba.json.bvt.parser.typeutilstest.test_cast_to_timestamp_sql_date,False,False
170,34785.0,fastjson,com.alibaba.json.bvt.parser.typeutilstest.test_cast_ab_1,False,False
188,34803.0,fastjson,com.alibaba.json.bvt.parser.defaultextjsonparsertest.test_not_match,False,False
220,34837.0,fastjson,com.alibaba.json.bvt.parser.deser.numberdeserializertest.test_byte1,False,False
228,34846.0,fastjson,com.alibaba.json.bvt.parser.fieldtyperesolver.fieldtyperesolvertest.test_0,False,False
232,34850.0,fastjson,com.alibaba.json.bvt.util.utf8decodertest.test_2,False,False
238,34856.0,fastjson,com.alibaba.json.bvt.util.base64test.test_base64,False,False
239,34857.0,fastjson,com.alibaba.json.bvt.util.anticollisionhashmaptest.test_0,False,False
244,34862.0,fastjson,com.alibaba.json.bvt.util.ryudoubletest.test_for_ryu,False,False
264,34884.0,fastjson,com.alibaba.json.bvt.support.spring.fastjsonredisserializertest.test_1,False,False
284,34904.0,fastjson,com.alibaba.json.bvt.support.spring.fastjsonhttpmessageconvertertest.getheaders,False,False
288,34908.0,fastjson,com.alibaba.json.bvt.support.spring.fastjsonhttpmessageconvertertest.process,False,False
345,34969.0,fastjson,com.alibaba.json.bvt.serializer.simplepropertyprefiltertest.test_map,False,False
352,34976.0,fastjson,com.alibaba.json.bvt.serializer.simplepropertyprefiltertest.test_exclude_name,False,False
355,34979.0,fastjson,com.alibaba.json.bvt.serializer.jsonserializertest2.test_2,False,False
368,34992.0,fastjson,com.alibaba.json.bvt.serializer.jsonserializermaptest.test_0,False,False
386,35010.0,fastjson,com.alibaba.json.bvt.serializer.listserializertest.test_7_s,False,False
392,35016.0,fastjson,com.alibaba.json.bvt.serializer.mapserializertest.test_string2_s,False,False
395,35019.0,fastjson,com.alibaba.json.bvt.serializer.mapserializertest.test_special2_s,False,False
412,35036.0,fastjson,com.alibaba.json.bvt.serializer.serializewritertest.test_16,False,False
419,35043.0,fastjson,com.alibaba.json.bvt.serializer.serializewritertest.test_20,False,False
452,35076.0,fastjson,com.alibaba.json.bvt.serializer.jsonserializertest.test_1,False,False
460,35084.0,fastjson,com.alibaba.json.bvt.serializer.jsonserializertest.test_4,False,False
469,35093.0,fastjson,com.alibaba.json.bvt.serializer.jsonserializertest.test_9,False,False
478,35102.0,fastjson,com.alibaba.json.bvt.serializer.jsonserializertest.test_17,False,False
489,35114.0,fastjson,com.alibaba.json.bvt.serializer.date.datetest.test_9,False,False
501,35126.0,fastjson,com.alibaba.json.bvt.serializer.filters.valuefiltertest.process,False,False
520,35145.0,fastjson,com.alibaba.json.bvt.serializer.filters.namefiltertest.test_tojsonstring,False,False
522,35147.0,fastjson,com.alibaba.json.bvt.serializer.filters.arrayserializertest.test_0,False,False
529,35154.0,fastjson,com.alibaba.json.test.datetest.test_0,False,False
530,35155.0,fastjson,com.alibaba.json.test.ryu.ryufloattest.test_for_ryu,False,False
533,35158.0,fastjson,com.alibaba.json.test.ryu.ryudoubletest.test_0,False,False
541,35166.0,fastjson,com.alibaba.json.bvt.serializer.jsonfieldtest5.test_jsonfield,True,True
31,34642.0,fastjson,com.alibaba.fastjson.parser.jsonscannertest.checktime5,False,False
47,34658.0,fastjson,com.alibaba.fastjson.parser.jsonscannertest.iseof3,False,False
53,34666.0,fastjson,com.alibaba.fastjson.serializer.serializewritertest.testwritelargespecialstr,False,False
69,34682.0,fastjson,com.alibaba.json.bvt.incomingdatapointtest.test_0,False,False
86,34701.0,fastjson,com.alibaba.json.bvt.jsonarraytest.test_tojsonstring,False,False
88,34703.0,fastjson,com.alibaba.json.bvt.jsonarraytest.test_2,False,False
89,34704.0,fastjson,com.alibaba.json.bvt.jsonarraytest.test_getobject_null,False,False
90,34705.0,fastjson,com.alibaba.json.bvt.jsonarraytest.test_getobject,False,False
95,34710.0,fastjson,com.alibaba.json.bvt.jsonarraytest.test_getjavabean,False,False
111,34726.0,fastjson,com.alibaba.json.bvt.jsontest.test_writeto_error,False,False
129,34744.0,fastjson,com.alibaba.json.bvt.parser.typeutilstest.test_0,False,False
130,34745.0,fastjson,com.alibaba.json.bvt.parser.typeutilstest.test_1,False,False
152,34767.0,fastjson,com.alibaba.json.bvt.parser.typeutilstest.test_cast_to_sqldate_sql_date,False,False
156,34771.0,fastjson,com.alibaba.json.bvt.parser.typeutilstest.test_cast_to_timestamp,False,False
178,34793.0,fastjson,com.alibaba.json.bvt.parser.productviewtest.test_parse,False,False
189,34804.0,fastjson,com.alibaba.json.bvt.parser.defaultextjsonparsertest.test_not_match_error,False,False
199,34815.0,fastjson,com.alibaba.json.bvt.parser.deser.throwabledeserializertest.test_0,False,False
201,34817.0,fastjson,com.alibaba.json.bvt.parser.deser.throwabledeserializertest.test_error1,False,False
203,34819.0,fastjson,com.alibaba.json.bvt.parser.deser.throwabledeserializertest.test_error3,False,False
204,34820.0,fastjson,com.alibaba.json.bvt.parser.deser.stacktraceelementdeserializertest.test_stack,False,False
210,34826.0,fastjson,com.alibaba.json.bvt.parser.deser.stacktraceelementdeserializertest.test_stack_error_5,False,False
218,34835.0,fastjson,com.alibaba.json.bvt.parser.deser.fielddeserializertest.test_deser,False,False
229,34847.0,fastjson,com.alibaba.json.bvt.parser.fieldtyperesolver.fieldtyperesolvertest.resolve,False,False
231,34849.0,fastjson,com.alibaba.json.bvt.util.utf8decodertest.test_1,False,False
233,34851.0,fastjson,com.alibaba.json.bvt.util.utf8decodertest.test_3,False,False
248,34866.0,fastjson,com.alibaba.json.bvt.util.javabeaninfotest.test_0,False,False
261,34880.0,fastjson,com.alibaba.json.bvt.support.spring.genericfastjsonredisserializertest.test_3,False,False
265,34885.0,fastjson,com.alibaba.json.bvt.support.spring.fastjsonredisserializertest.test_2,False,False
270,34890.0,fastjson,com.alibaba.json.bvt.support.spring.fastjsonjsonviewtest.test_1,False,False
277,34897.0,fastjson,com.alibaba.json.bvt.support.spring.fastjsonhttpmessageconvertertest.getheaders,False,False
279,34899.0,fastjson,com.alibaba.json.bvt.support.spring.fastjsonhttpmessageconvertertest.test_1,False,False
282,34902.0,fastjson,com.alibaba.json.bvt.support.spring.fastjsonhttpmessageconvertertest.getheaders,False,False
285,34905.0,fastjson,com.alibaba.json.bvt.support.spring.fastjsonhttpmessageconvertertest.getcontenttype,False,False
291,34911.0,fastjson,com.alibaba.json.bvt.support.spring.fastjsonphttpmessageconverter4test.getbody,False,False
301,34921.0,fastjson,com.alibaba.json.bvt.support.spring.fastjsonhttpmessageconverter4test.getheaders,False,False
306,34927.0,fastjson,com.alibaba.json.bvt.support.spring.mock.testcase.fastjsonjsonviewtest.test2,False,False
317,34940.0,fastjson,com.alibaba.json.bvt.support.spring.mock.testcase.fastjsonhttpmessageconverter4test.test5,False,False
323,34946.0,fastjson,com.alibaba.json.bvt.support.jaxrs.fastjsonprovidertest.process,False,False
330,34953.0,fastjson,com.alibaba.json.bvt.serializer.bugtest0.test_0,False,False
334,34957.0,fastjson,com.alibaba.json.bvt.serializer.bugtest0.test_4,False,True
335,34958.0,fastjson,com.alibaba.json.bvt.serializer.bugtest0.test_error_0,False,False
340,34964.0,fastjson,com.alibaba.json.bvt.serializer.simplepropertyprefiltertest.test_name_0,False,False
348,34972.0,fastjson,com.alibaba.json.bvt.serializer.simplepropertyprefiltertest.test_all,False,False
359,34983.0,fastjson,com.alibaba.json.bvt.serializer.jsonserializertest2.flush,False,False
364,34988.0,fastjson,com.alibaba.json.bvt.serializer.bugtest1.test_3,False,False
411,35035.0,fastjson,com.alibaba.json.bvt.serializer.serializewritertest.test_15_long,False,False
413,35037.0,fastjson,com.alibaba.json.bvt.serializer.serializewritertest.test_16_long,False,False
414,35038.0,fastjson,com.alibaba.json.bvt.serializer.serializewritertest.test_16_long_browser,False,False
422,35046.0,fastjson,com.alibaba.json.bvt.serializer.serializewritertest.test_error_3,False,False
484,35109.0,fastjson,com.alibaba.json.bvt.serializer.date.datetest.test_4,False,False
510,35135.0,fastjson,com.alibaba.json.bvt.serializer.filters.propertyfiltertest.test_2,False,False
519,35144.0,fastjson,com.alibaba.json.bvt.serializer.filters.namefiltertest.process,False,False
527,35152.0,fastjson,com.alibaba.json.bvt.serializer.filters.afterfiltertest.test_afterfilter2,False,False
537,35162.0,fastjson,com.alibaba.json.bvt.issue_1200.issue1298.test_for_issue_1,True,True
540,35165.0,fastjson,com.alibaba.json.bvt.issue_1900.issue1977.test_for_issue,True,False
32,34643.0,fastjson,com.alibaba.fastjson.parser.jsonscannertest.checktime6,False,False
33,34644.0,fastjson,com.alibaba.fastjson.parser.jsonscannertest.checktime7,False,False
37,34648.0,fastjson,com.alibaba.fastjson.parser.jsonscannertest.checktime11,False,False
40,34651.0,fastjson,com.alibaba.fastjson.parser.jsonscannertest.checktime14,False,False
44,34655.0,fastjson,com.alibaba.fastjson.parser.jsonscannertest.info1,False,False
49,34662.0,fastjson,com.alibaba.fastjson.serializer.serializewritertest.dotestwrite,False,False
58,34671.0,fastjson,com.alibaba.json.bvt.jsonobjecttest.test_getdate,False,False
68,34681.0,fastjson,com.alibaba.json.bvt.jsonexceptiontest.test_all,False,True
77,34690.0,fastjson,com.alibaba.json.bvt.defaultjsonparsertest.test_error6,False,False
102,34717.0,fastjson,com.alibaba.json.bvt.jsontest.test_string,False,False
118,34733.0,fastjson,com.alibaba.json.bvt.asm.asmutilstest.getmethodtype,False,False
135,34750.0,fastjson,com.alibaba.json.bvt.parser.typeutilstest.test_cast_to_long,False,False
140,34755.0,fastjson,com.alibaba.json.bvt.parser.typeutilstest.test_cast_to_biginteger,False,False
150,34765.0,fastjson,com.alibaba.json.bvt.parser.typeutilstest.test_cast_to_sqldate_null2,False,False
157,34772.0,fastjson,com.alibaba.json.bvt.parser.typeutilstest.test_cast_to_timestamp_string,False,False
164,34779.0,fastjson,com.alibaba.json.bvt.parser.typeutilstest.test_cast_to_timestamp_util_date,False,False
194,34809.0,fastjson,com.alibaba.json.bvt.parser.stream.jsonreaderscannertest.test_doublequote,False,False
197,34812.0,fastjson,com.alibaba.json.bvt.parser.deser.fieldserializertest.test_writenull,False,False
206,34822.0,fastjson,com.alibaba.json.bvt.parser.deser.stacktraceelementdeserializertest.test_stack_error_1,False,False
207,34823.0,fastjson,com.alibaba.json.bvt.parser.deser.stacktraceelementdeserializertest.test_stack_error_2,False,False
211,34827.0,fastjson,com.alibaba.json.bvt.parser.deser.stacktraceelementdeserializertest.test_stack_error_6,False,False
222,34839.0,fastjson,com.alibaba.json.bvt.parser.deser.numberdeserializertest.test_short1,False,False
223,34840.0,fastjson,com.alibaba.json.bvt.parser.deser.numberdeserializertest.test_double,False,False
227,34845.0,fastjson,com.alibaba.json.bvt.parser.deser.generic.generictest.test_0,False,False
240,34858.0,fastjson,com.alibaba.json.bvt.util.typeutilstest.test_0,False,False
241,34859.0,fastjson,com.alibaba.json.bvt.util.typeutilstest.test_1,False,False
242,34860.0,fastjson,com.alibaba.json.bvt.util.typeutilstest.test_3,False,False
275,34895.0,fastjson,com.alibaba.json.bvt.support.spring.fastjsonhttpmessageconvertertest.getheaders,False,False
292,34912.0,fastjson,com.alibaba.json.bvt.support.spring.fastjsonphttpmessageconverter4test.getheaders,False,False
293,34913.0,fastjson,com.alibaba.json.bvt.support.spring.fastjsonphttpmessageconverter4test.getbody,False,False
318,34941.0,fastjson,com.alibaba.json.bvt.support.spring.messaging.mappingfastjsonmessageconvertertest.test_1,False,False
328,34951.0,fastjson,com.alibaba.json.bvt.serializer.clobseriliazertest.test_clob_null,False,False
331,34954.0,fastjson,com.alibaba.json.bvt.serializer.bugtest0.test_1,False,False
353,34977.0,fastjson,com.alibaba.json.bvt.serializer.jsonserializertest2.test_0,True,False
357,34981.0,fastjson,com.alibaba.json.bvt.serializer.jsonserializertest2.test_error,False,False
363,34987.0,fastjson,com.alibaba.json.bvt.serializer.bugtest1.test_2,False,False
374,34998.0,fastjson,com.alibaba.json.bvt.serializer.javabeanserializertest.test_error_s,False,False
378,35002.0,fastjson,com.alibaba.json.bvt.serializer.serializeconfigtest.test_0,False,False
389,35013.0,fastjson,com.alibaba.json.bvt.serializer.mapserializertest.test_singleton_1,False,False
391,35015.0,fastjson,com.alibaba.json.bvt.serializer.mapserializertest.test_long2_s,False,False
400,35024.0,fastjson,com.alibaba.json.bvt.serializer.parserconfigtest.test_1,False,False
408,35032.0,fastjson,com.alibaba.json.bvt.serializer.serializewritertest.test_14,False,False
434,35058.0,fastjson,com.alibaba.json.bvt.serializer.stringserializertest.test_6,False,False
435,35059.0,fastjson,com.alibaba.json.bvt.serializer.stringserializertest.test_6_d,False,False
444,35068.0,fastjson,com.alibaba.json.bvt.serializer.stringserializertest.test_11,False,False
445,35069.0,fastjson,com.alibaba.json.bvt.serializer.stringserializertest.test_11_d,False,False
449,35073.0,fastjson,com.alibaba.json.bvt.serializer.stringserializertest.test_14,False,False
461,35085.0,fastjson,com.alibaba.json.bvt.serializer.jsonserializertest.writejsonstring,False,False
481,35106.0,fastjson,com.alibaba.json.bvt.serializer.date.datetest.test_1,False,False
493,35118.0,fastjson,com.alibaba.json.bvt.serializer.filters.beforefiltertest.writebefore,False,False
495,35120.0,fastjson,com.alibaba.json.bvt.serializer.filters.valuefiltertest.process,False,False
498,35123.0,fastjson,com.alibaba.json.bvt.serializer.filters.valuefiltertest.test_valuefilter_1,False,False
500,35125.0,fastjson,com.alibaba.json.bvt.serializer.filters.valuefiltertest.test_valuefilter_2,False,False
513,35138.0,fastjson,com.alibaba.json.bvt.serializer.filters.propertyfiltertest.apply,False,False
534,35159.0,fastjson,com.alibaba.json.bvt.bug.issue_717.test_for_issue,True,True
5,34616.0,fastjson,com.alibaba.fastjson.jsonpathtest.iseof1,False,False
6,34617.0,fastjson,com.alibaba.fastjson.jsonpathtest.iseof2,False,False
15,34626.0,fastjson,com.alibaba.fastjson.parser.jsonscannertest.checkdate6,False,False
16,34627.0,fastjson,com.alibaba.fastjson.parser.jsonscannertest.checkdate7,False,False
55,34668.0,fastjson,com.alibaba.json.bvt.jsonobjecttest.test_writejsonstring,False,False
79,34692.0,fastjson,com.alibaba.json.bvt.defaultjsonparsertest.test_error11,False,False
83,34697.0,fastjson,com.alibaba.json.bvt.serviceloadertest.test_0,False,False
98,34713.0,fastjson,com.alibaba.json.bvt.serializewritertest.test_4,False,False
158,34773.0,fastjson,com.alibaba.json.bvt.parser.typeutilstest.test_cast_to_timestamp_number,False,False
161,34776.0,fastjson,com.alibaba.json.bvt.parser.typeutilstest.test_cast_to_bigdecimal_same,False,False
166,34781.0,fastjson,com.alibaba.json.bvt.parser.typeutilstest.test_cast_to_timestamp_sql_timestamp,False,False
168,34783.0,fastjson,com.alibaba.json.bvt.parser.typeutilstest.test_cast_to_timestamp_error,False,False
172,34787.0,fastjson,com.alibaba.json.bvt.parser.typeutilstest.test_error,False,False
193,34808.0,fastjson,com.alibaba.json.bvt.parser.stream.jsonreaderscannertest.test_singlequote,False,False
208,34824.0,fastjson,com.alibaba.json.bvt.parser.deser.stacktraceelementdeserializertest.test_stack_error_3,False,False
214,34830.0,fastjson,com.alibaba.json.bvt.parser.deser.stacktraceelementdeserializertest.test_stack_error_9,False,False
215,34831.0,fastjson,com.alibaba.json.bvt.parser.deser.stacktraceelementdeserializertest.test_stack_error_10,False,False
216,34833.0,fastjson,com.alibaba.json.bvt.parser.deser.timedeserializertest.test_time,False,False
226,34844.0,fastjson,com.alibaba.json.bvt.parser.deser.date.datetest.test_reader,False,False
234,34852.0,fastjson,com.alibaba.json.bvt.util.utf8decodertest.test_4,False,False
246,34864.0,fastjson,com.alibaba.json.bvt.util.ryudoubletest.test_1,False,False
262,34881.0,fastjson,com.alibaba.json.bvt.support.spring.genericfastjsonredisserializertest.test_4,False,False
268,34888.0,fastjson,com.alibaba.json.bvt.support.spring.fastjsonredisserializertest.test_5,False,False
271,34891.0,fastjson,com.alibaba.json.bvt.support.spring.fastjsonjsonviewtest.test_jsonp,False,False
286,34906.0,fastjson,com.alibaba.json.bvt.support.spring.fastjsonhttpmessageconvertertest.getcontentlength,False,False
294,34914.0,fastjson,com.alibaba.json.bvt.support.spring.fastjsonphttpmessageconverter4test.test_2,False,False
303,34923.0,fastjson,com.alibaba.json.bvt.support.spring.fastjsonhttpmessageconverter4test.getheaders,False,False
305,34926.0,fastjson,com.alibaba.json.bvt.support.spring.mock.testcase.fastjsonjsonviewtest.test1,False,False
325,34948.0,fastjson,com.alibaba.json.bvt.support.fastjsonconfigtest.process,False,False
332,34955.0,fastjson,com.alibaba.json.bvt.serializer.bugtest0.test_2,False,False
333,34956.0,fastjson,com.alibaba.json.bvt.serializer.bugtest0.test_3,False,False
337,34960.0,fastjson,com.alibaba.json.bvt.serializer.bugtest0.test_error_3,False,False
356,34980.0,fastjson,com.alibaba.json.bvt.serializer.jsonserializertest2.test_3,False,False
367,34991.0,fastjson,com.alibaba.json.bvt.serializer.bugtest1.test_7,False,False
370,34994.0,fastjson,com.alibaba.json.bvt.serializer.javabeanserializertest.test_0_s,False,False
381,35005.0,fastjson,com.alibaba.json.bvt.serializer.listserializertest.test_2_s,False,False
384,35008.0,fastjson,com.alibaba.json.bvt.serializer.listserializertest.test_5_s,False,False
387,35011.0,fastjson,com.alibaba.json.bvt.serializer.listserializertest.test_8_s,False,False
394,35018.0,fastjson,com.alibaba.json.bvt.serializer.mapserializertest.test_special_s,False,False
404,35028.0,fastjson,com.alibaba.json.bvt.serializer.serializewritertest.test_13,False,False
405,35029.0,fastjson,com.alibaba.json.bvt.serializer.serializewritertest.test_13_long,False,False
427,35051.0,fastjson,com.alibaba.json.bvt.serializer.stringserializertest.test_0,False,False
433,35057.0,fastjson,com.alibaba.json.bvt.serializer.stringserializertest.test_5_d,False,False
438,35062.0,fastjson,com.alibaba.json.bvt.serializer.stringserializertest.test_8,False,False
447,35071.0,fastjson,com.alibaba.json.bvt.serializer.stringserializertest.test_12_d,False,False
451,35075.0,fastjson,com.alibaba.json.bvt.serializer.jsonserializertest.test_0_s,False,False
464,35088.0,fastjson,com.alibaba.json.bvt.serializer.jsonserializertest.test_5,False,False
474,35098.0,fastjson,com.alibaba.json.bvt.serializer.jsonserializertest.test_13,False,False
475,35099.0,fastjson,com.alibaba.json.bvt.serializer.jsonserializertest.test_14,False,False
488,35113.0,fastjson,com.alibaba.json.bvt.serializer.date.datetest.test_8,False,False
505,35130.0,fastjson,com.alibaba.json.bvt.serializer.filters.propertyfiltertest.apply,False,False
506,35131.0,fastjson,com.alibaba.json.bvt.serializer.filters.propertyfiltertest.test_tojsonstring,False,False
525,35150.0,fastjson,com.alibaba.json.bvt.serializer.filters.afterfiltertest.test_afterfilter,False,False
538,35163.0,fastjson,com.alibaba.json.bvt.issue_1600.issue1679.test_for_issue,True,True
11,34622.0,fastjson,com.alibaba.fastjson.parser.jsonscannertest.checkdate2,False,False
20,34631.0,fastjson,com.alibaba.fastjson.parser.jsonscannertest.checkdate11,False,False
22,34633.0,fastjson,com.alibaba.fastjson.parser.jsonscannertest.checkdate13,False,False
46,34657.0,fastjson,com.alibaba.fastjson.parser.jsonscannertest.iseof2,False,False
70,34683.0,fastjson,com.alibaba.json.bvt.incomingdatapointtest.test_for_incomingdatapoint,False,False
93,34708.0,fastjson,com.alibaba.json.bvt.jsonarraytest.test_getarray_1,False,False
103,34718.0,fastjson,com.alibaba.json.bvt.jsontest.test_for_jh,False,True
107,34722.0,fastjson,com.alibaba.json.bvt.jsontest.test_all,False,True
110,34725.0,fastjson,com.alibaba.json.bvt.jsontest.test_writeto_2,False,False
119,34734.0,fastjson,com.alibaba.json.bvt.bug.jsontest.testparsearray,False,True
128,34743.0,fastjson,com.alibaba.json.bvt.parser.jsonlexertest.test_0,False,False
132,34747.0,fastjson,com.alibaba.json.bvt.parser.typeutilstest.test_cast_integer,False,False
146,34761.0,fastjson,com.alibaba.json.bvt.parser.typeutilstest.test_cast_to_date,False,False
151,34766.0,fastjson,com.alibaba.json.bvt.parser.typeutilstest.test_cast_to_sqldate_util_date,False,False
175,34790.0,fastjson,com.alibaba.json.bvt.parser.typeutilstest.f,False,False
181,34796.0,fastjson,com.alibaba.json.bvt.parser.defaultextjsonparsertest.testcastcalendar,False,False
186,34801.0,fastjson,com.alibaba.json.bvt.parser.defaultextjsonparsertest.test_parsearraywithtype_error_1,False,False
205,34821.0,fastjson,com.alibaba.json.bvt.parser.deser.stacktraceelementdeserializertest.test_stack_error,False,False
221,34838.0,fastjson,com.alibaba.json.bvt.parser.deser.numberdeserializertest.test_short,False,False
243,34861.0,fastjson,com.alibaba.json.bvt.util.typeutilstest.test_2,False,False
251,34869.0,fastjson,com.alibaba.json.bvt.util.threadlocalcachetest.allocatechars,False,False
256,34874.0,fastjson,com.alibaba.json.bvt.util.threadlocalcachetest.test_chars,False,False
257,34875.0,fastjson,com.alibaba.json.bvt.util.threadlocalcachetest.test_bytes,False,False
266,34886.0,fastjson,com.alibaba.json.bvt.support.spring.fastjsonredisserializertest.test_3,False,False
267,34887.0,fastjson,com.alibaba.json.bvt.support.spring.fastjsonredisserializertest.test_4,False,False
276,34896.0,fastjson,com.alibaba.json.bvt.support.spring.fastjsonhttpmessageconvertertest.getbody,False,False
300,34920.0,fastjson,com.alibaba.json.bvt.support.spring.fastjsonhttpmessageconverter4test.test_1,False,False
308,34930.0,fastjson,com.alibaba.json.bvt.support.spring.mock.testcase.fastjsonhttpmessageconvertertest.test2,False,False
311,34933.0,fastjson,com.alibaba.json.bvt.support.spring.mock.testcase.fastjsonhttpmessageconvertertest.test5,False,False
313,34936.0,fastjson,com.alibaba.json.bvt.support.spring.mock.testcase.fastjsonhttpmessageconverter4test.test1,False,False
314,34937.0,fastjson,com.alibaba.json.bvt.support.spring.mock.testcase.fastjsonhttpmessageconverter4test.test2,False,False
322,34945.0,fastjson,com.alibaba.json.bvt.support.jaxrs.fastjsonprovidertest.test_1,False,False
329,34952.0,fastjson,com.alibaba.json.bvt.serializer.clobseriliazertest.test_clob_error,False,False
342,34966.0,fastjson,com.alibaba.json.bvt.serializer.simplepropertyprefiltertest.test_name_a1,False,False
354,34978.0,fastjson,com.alibaba.json.bvt.serializer.jsonserializertest2.test_1,False,False
379,35003.0,fastjson,com.alibaba.json.bvt.serializer.serializeconfigtest.test_1,False,False
393,35017.0,fastjson,com.alibaba.json.bvt.serializer.mapserializertest.test_string3_s,False,False
398,35022.0,fastjson,com.alibaba.json.bvt.serializer.pascalnamefiltertest.test_0,False,False
407,35031.0,fastjson,com.alibaba.json.bvt.serializer.serializewritertest.test_13_long_browser2,False,False
420,35044.0,fastjson,com.alibaba.json.bvt.serializer.serializewritertest.test_error_0,False,False
429,35053.0,fastjson,com.alibaba.json.bvt.serializer.stringserializertest.test_2_s,False,False
436,35060.0,fastjson,com.alibaba.json.bvt.serializer.stringserializertest.test_7,False,False
441,35065.0,fastjson,com.alibaba.json.bvt.serializer.stringserializertest.test_9_d,False,False
443,35067.0,fastjson,com.alibaba.json.bvt.serializer.stringserializertest.test_10_d,False,False
450,35074.0,fastjson,com.alibaba.json.bvt.serializer.jsonserializertest.test_0,False,False
477,35101.0,fastjson,com.alibaba.json.bvt.serializer.jsonserializertest.test_16,False,False
480,35105.0,fastjson,com.alibaba.json.bvt.serializer.date.datetest.test_0,False,False
485,35110.0,fastjson,com.alibaba.json.bvt.serializer.date.datetest.test_5,False,False
487,35112.0,fastjson,com.alibaba.json.bvt.serializer.date.datetest.test_7,False,False
508,35133.0,fastjson,com.alibaba.json.bvt.serializer.filters.propertyfiltertest.test_1,False,False
511,35136.0,fastjson,com.alibaba.json.bvt.serializer.filters.propertyfiltertest.apply,False,False
518,35143.0,fastjson,com.alibaba.json.bvt.serializer.filters.namefiltertest.test_namefilter_1,False,False
531,35156.0,fastjson,com.alibaba.json.test.ryu.ryufloattest.test_0,False,False
535,35160.0,fastjson,com.alibaba.json.bvt.date.datetest_tz.test_codec,True,False
8,34619.0,fastjson,com.alibaba.fastjson.parser.jsonscannertest.chararraycompare3,False,False
18,34629.0,fastjson,com.alibaba.fastjson.parser.jsonscannertest.checkdate9,False,False
19,34630.0,fastjson,com.alibaba.fastjson.parser.jsonscannertest.checkdate10,False,False
24,34635.0,fastjson,com.alibaba.fastjson.parser.jsonscannertest.checkdate15,False,False
27,34638.0,fastjson,com.alibaba.fastjson.parser.jsonscannertest.checktime1,False,False
48,34661.0,fastjson,com.alibaba.fastjson.serializer.serializewritertest.testwritelitebasicstr,False,False
57,34670.0,fastjson,com.alibaba.json.bvt.jsonobjecttest.test_getlong_1,False,False
64,34677.0,fastjson,com.alibaba.json.bvt.jsonobjecttest.test_getobject_null,False,False
66,34679.0,fastjson,com.alibaba.json.bvt.jsonobjecttest.test_getobject,False,False
87,34702.0,fastjson,com.alibaba.json.bvt.jsonarraytest.test_1,False,True
113,34728.0,fastjson,com.alibaba.json.bvt.asm.classreadertest.test_read,False,False
121,34736.0,fastjson,com.alibaba.json.bvt.date.datetest.test_date,True,False
124,34739.0,fastjson,com.alibaba.json.bvt.stream.jsonwritertest.test_1,False,False
125,34740.0,fastjson,com.alibaba.json.bvt.stream.jsonwritertest.test_2,False,False
131,34746.0,fastjson,com.alibaba.json.bvt.parser.typeutilstest.test_2,False,False
144,34759.0,fastjson,com.alibaba.json.bvt.parser.typeutilstest.test_cast_null,False,False
148,34763.0,fastjson,com.alibaba.json.bvt.parser.typeutilstest.test_cast_to_sqldate_string,False,False
154,34769.0,fastjson,com.alibaba.json.bvt.parser.typeutilstest.test_cast_to_sqldate_calendar,False,False
176,34791.0,fastjson,com.alibaba.json.bvt.parser.parsecontexttest.test_tostring,False,False
180,34795.0,fastjson,com.alibaba.json.bvt.parser.defaultextjsonparsertest.test_parseobject,False,False
191,34806.0,fastjson,com.alibaba.json.bvt.parser.defaultextjsonparsertest.test_error2,False,False
245,34863.0,fastjson,com.alibaba.json.bvt.util.ryudoubletest.test_0,False,False
250,34868.0,fastjson,com.alibaba.json.bvt.util.threadlocalcachetest.test,False,False
263,34882.0,fastjson,com.alibaba.json.bvt.support.spring.genericfastjsonredisserializertest.test_5,False,False
274,34894.0,fastjson,com.alibaba.json.bvt.support.spring.fastjsonhttpmessageconvertertest.test_read,False,True
280,34900.0,fastjson,com.alibaba.json.bvt.support.spring.fastjsonhttpmessageconvertertest.getheaders,False,False
295,34915.0,fastjson,com.alibaba.json.bvt.support.spring.fastjsonphttpmessageconverter4test.getheaders,False,False
296,34916.0,fastjson,com.alibaba.json.bvt.support.spring.fastjsonphttpmessageconverter4test.getbody,False,False
298,34918.0,fastjson,com.alibaba.json.bvt.support.spring.fastjsonphttpmessageconverter4test.getbody,False,False
302,34922.0,fastjson,com.alibaba.json.bvt.support.spring.fastjsonhttpmessageconverter4test.getbody,False,False
309,34931.0,fastjson,com.alibaba.json.bvt.support.spring.mock.testcase.fastjsonhttpmessageconvertertest.test3,False,False
316,34939.0,fastjson,com.alibaba.json.bvt.support.spring.mock.testcase.fastjsonhttpmessageconverter4test.test4,False,False
319,34942.0,fastjson,com.alibaba.json.bvt.support.jaxrs.mock.testcase.fastjsonprovidertest.test0,False,False
321,34944.0,fastjson,com.alibaba.json.bvt.support.jaxrs.mock.testcase.fastjsonprovidertest.test2,False,False
327,34950.0,fastjson,com.alibaba.json.bvt.serializer.clobseriliazertest.test_clob,False,False
339,34963.0,fastjson,com.alibaba.json.bvt.serializer.simplepropertyprefiltertest.test_name,False,False
347,34971.0,fastjson,com.alibaba.json.bvt.serializer.simplepropertyprefiltertest.test_map_name,False,False
366,34990.0,fastjson,com.alibaba.json.bvt.serializer.bugtest1.test_5,False,False
372,34996.0,fastjson,com.alibaba.json.bvt.serializer.javabeanserializertest.test_2_s,False,False
380,35004.0,fastjson,com.alibaba.json.bvt.serializer.listserializertest.test_0_s,False,False
399,35023.0,fastjson,com.alibaba.json.bvt.serializer.parserconfigtest.test_0,False,False
417,35041.0,fastjson,com.alibaba.json.bvt.serializer.serializewritertest.test_18,False,False
432,35056.0,fastjson,com.alibaba.json.bvt.serializer.stringserializertest.test_5,False,False
442,35066.0,fastjson,com.alibaba.json.bvt.serializer.stringserializertest.test_10,False,False
457,35081.0,fastjson,com.alibaba.json.bvt.serializer.jsonserializertest.tojsonstring,False,False
468,35092.0,fastjson,com.alibaba.json.bvt.serializer.jsonserializertest.test_8,False,False
470,35094.0,fastjson,com.alibaba.json.bvt.serializer.jsonserializertest.test_9_null,False,False
473,35097.0,fastjson,com.alibaba.json.bvt.serializer.jsonserializertest.test_12,False,False
482,35107.0,fastjson,com.alibaba.json.bvt.serializer.date.datetest.test_2,False,False
490,35115.0,fastjson,com.alibaba.json.bvt.serializer.filters.beforefiltertest.test_beforefilter,False,False
504,35129.0,fastjson,com.alibaba.json.bvt.serializer.filters.propertyfiltertest.test_0,False,False
517,35142.0,fastjson,com.alibaba.json.bvt.serializer.filters.namefiltertest.process,False,False
521,35146.0,fastjson,com.alibaba.json.bvt.serializer.filters.namefiltertest.process,False,False
524,35149.0,fastjson,com.alibaba.json.bvt.serializer.filters.arrayserializertest.test_2,False,False
30,34641.0,fastjson,com.alibaba.fastjson.parser.jsonscannertest.checktime4,False,False
35,34646.0,fastjson,com.alibaba.fastjson.parser.jsonscannertest.checktime9,False,False
51,34664.0,fastjson,com.alibaba.fastjson.serializer.serializewritertest.makespecialchars,False,False
59,34672.0,fastjson,com.alibaba.json.bvt.jsonobjecttest.test_getboolean,False,False
74,34687.0,fastjson,com.alibaba.json.bvt.defaultjsonparsertest.test_error2,False,False
105,34720.0,fastjson,com.alibaba.json.bvt.jsontest.test_object,False,False
108,34723.0,fastjson,com.alibaba.json.bvt.jsontest.test_writeto_0,False,False
114,34729.0,fastjson,com.alibaba.json.bvt.asm.testtype.test_gettype,False,False
116,34731.0,fastjson,com.alibaba.json.bvt.asm.asmutilstest.test_getdescs,False,False
122,34737.0,fastjson,com.alibaba.json.bvt.issue_1600.issue_1699.testjson.test_for_issue,False,True
136,34751.0,fastjson,com.alibaba.json.bvt.parser.typeutilstest.test_cast_to_short,False,False
138,34753.0,fastjson,com.alibaba.json.bvt.parser.typeutilstest.test_cast_to_byte,False,False
142,34757.0,fastjson,com.alibaba.json.bvt.parser.typeutilstest.test_cast_to_boolean,False,False
159,34774.0,fastjson,com.alibaba.json.bvt.parser.typeutilstest.test_cast_to_timestamp_null,False,False
167,34782.0,fastjson,com.alibaba.json.bvt.parser.typeutilstest.test_cast_to_timestamp_calendar,False,False
169,34784.0,fastjson,com.alibaba.json.bvt.parser.typeutilstest.test_cast_ab,False,False
184,34799.0,fastjson,com.alibaba.json.bvt.parser.defaultextjsonparsertest.test_casterror,False,False
187,34802.0,fastjson,com.alibaba.json.bvt.parser.defaultextjsonparsertest.f,False,False
190,34805.0,fastjson,com.alibaba.json.bvt.parser.defaultextjsonparsertest.test_error,False,False
212,34828.0,fastjson,com.alibaba.json.bvt.parser.deser.stacktraceelementdeserializertest.test_stack_error_7,False,False
213,34829.0,fastjson,com.alibaba.json.bvt.parser.deser.stacktraceelementdeserializertest.test_stack_error_8,False,False
219,34836.0,fastjson,com.alibaba.json.bvt.parser.deser.numberdeserializertest.test_byte,False,False
225,34843.0,fastjson,com.alibaba.json.bvt.parser.deser.date.datetest.test,False,False
235,34853.0,fastjson,com.alibaba.json.bvt.util.fieldinfotest.test_null,False,False
252,34870.0,fastjson,com.alibaba.json.bvt.util.threadlocalcachetest.clearchars,False,False
254,34872.0,fastjson,com.alibaba.json.bvt.util.threadlocalcachetest.getbytes,False,False
258,34876.0,fastjson,com.alibaba.json.bvt.compatible.threadlocalcachetest.test_threadcache,False,False
269,34889.0,fastjson,com.alibaba.json.bvt.support.spring.fastjsonjsonviewtest.test_0,False,False
272,34892.0,fastjson,com.alibaba.json.bvt.support.spring.fastjsonjsonviewtest.test_jsonp_invalidparam,False,False
278,34898.0,fastjson,com.alibaba.json.bvt.support.spring.fastjsonhttpmessageconvertertest.getbody,False,False
283,34903.0,fastjson,com.alibaba.json.bvt.support.spring.fastjsonhttpmessageconvertertest.getbody,False,False
290,34910.0,fastjson,com.alibaba.json.bvt.support.spring.fastjsonphttpmessageconverter4test.getheaders,False,False
297,34917.0,fastjson,com.alibaba.json.bvt.support.spring.fastjsonphttpmessageconverter4test.getheaders,False,False
310,34932.0,fastjson,com.alibaba.json.bvt.support.spring.mock.testcase.fastjsonhttpmessageconvertertest.test4,False,False
312,34934.0,fastjson,com.alibaba.json.bvt.support.spring.mock.testcase.fastjsonhttpmessageconvertertest.test6,False,False
315,34938.0,fastjson,com.alibaba.json.bvt.support.spring.mock.testcase.fastjsonhttpmessageconverter4test.test3,False,False
336,34959.0,fastjson,com.alibaba.json.bvt.serializer.bugtest0.test_error_1,False,False
346,34970.0,fastjson,com.alibaba.json.bvt.serializer.simplepropertyprefiltertest.test_map_id,False,False
349,34973.0,fastjson,com.alibaba.json.bvt.serializer.simplepropertyprefiltertest.test_all_map,False,False
358,34982.0,fastjson,com.alibaba.json.bvt.serializer.jsonserializertest2.write,False,False
371,34995.0,fastjson,com.alibaba.json.bvt.serializer.javabeanserializertest.test_1_s,False,False
373,34997.0,fastjson,com.alibaba.json.bvt.serializer.javabeanserializertest.test_3_s,False,False
403,35027.0,fastjson,com.alibaba.json.bvt.serializer.serializewritertest.test_12,False,False
406,35030.0,fastjson,com.alibaba.json.bvt.serializer.serializewritertest.test_13_long_browser,False,False
409,35033.0,fastjson,com.alibaba.json.bvt.serializer.serializewritertest.test_14_long,False,False
424,35048.0,fastjson,com.alibaba.json.bvt.serializer.serializewritertest.test_error_5,False,False
428,35052.0,fastjson,com.alibaba.json.bvt.serializer.stringserializertest.test_2,False,False
448,35072.0,fastjson,com.alibaba.json.bvt.serializer.stringserializertest.test_13,False,False
454,35078.0,fastjson,com.alibaba.json.bvt.serializer.jsonserializertest.test_2,False,False
459,35083.0,fastjson,com.alibaba.json.bvt.serializer.jsonserializertest.tojsonstring,False,False
479,35103.0,fastjson,com.alibaba.json.bvt.serializer.bugtest2.test_0,False,False
514,35139.0,fastjson,com.alibaba.json.bvt.serializer.filters.propertyfiltertest.test_4,False,False
515,35140.0,fastjson,com.alibaba.json.bvt.serializer.filters.propertyfiltertest.apply,False,False
543,35168.0,fastjson,com.alibaba.json.bvt.serializer.date.datetest4_indian.test_date,True,True
4,34615.0,fastjson,com.alibaba.fastjson.jsonpathtest.isdigitfirst3,False,False
7,34618.0,fastjson,com.alibaba.fastjson.parser.jsonscannertest.chararraycompare1,False,False
10,34621.0,fastjson,com.alibaba.fastjson.parser.jsonscannertest.checkdate1,False,False
13,34624.0,fastjson,com.alibaba.fastjson.parser.jsonscannertest.checkdate4,False,False
25,34636.0,fastjson,com.alibaba.fastjson.parser.jsonscannertest.checkdate16,False,False
29,34640.0,fastjson,com.alibaba.fastjson.parser.jsonscannertest.checktime3,False,False
36,34647.0,fastjson,com.alibaba.fastjson.parser.jsonscannertest.checktime10,False,False
61,34674.0,fastjson,com.alibaba.json.bvt.jsonobjecttest.test_order,False,False
62,34675.0,fastjson,com.alibaba.json.bvt.jsonobjecttest.test_all,False,False
65,34678.0,fastjson,com.alibaba.json.bvt.jsonobjecttest.test_bytes,False,False
75,34688.0,fastjson,com.alibaba.json.bvt.defaultjsonparsertest.test_error3,False,False
109,34724.0,fastjson,com.alibaba.json.bvt.jsontest.test_writeto_1,False,False
123,34738.0,fastjson,com.alibaba.json.bvt.stream.jsonwritertest.test_0,False,False
127,34742.0,fastjson,com.alibaba.json.bvt.stream.jsonwritertest.test_4,False,False
133,34748.0,fastjson,com.alibaba.json.bvt.parser.typeutilstest.test_cast_integer_2,False,False
141,34756.0,fastjson,com.alibaba.json.bvt.parser.typeutilstest.test_cast_to_bigdecimal,False,False
143,34758.0,fastjson,com.alibaba.json.bvt.parser.typeutilstest.test_cast_to_boolean,False,False
153,34768.0,fastjson,com.alibaba.json.bvt.parser.typeutilstest.test_cast_to_sqldate_sql_date2,False,False
174,34789.0,fastjson,com.alibaba.json.bvt.parser.typeutilstest.test_3,False,False
209,34825.0,fastjson,com.alibaba.json.bvt.parser.deser.stacktraceelementdeserializertest.test_stack_error_4,False,False
230,34848.0,fastjson,com.alibaba.json.bvt.util.utf8decodertest.test_0,False,False
236,34854.0,fastjson,com.alibaba.json.bvt.util.ryufloattest.test_for_ryu,False,False
237,34855.0,fastjson,com.alibaba.json.bvt.util.ryufloattest.test_0,False,False
249,34867.0,fastjson,com.alibaba.json.bvt.util.ioutilstest.test_readall,False,False
253,34871.0,fastjson,com.alibaba.json.bvt.util.threadlocalcachetest.testbytes,False,False
259,34878.0,fastjson,com.alibaba.json.bvt.support.spring.genericfastjsonredisserializertest.test_1,False,False
299,34919.0,fastjson,com.alibaba.json.bvt.support.spring.fastjsonhttpmessageconverter4test.fastjsonhttpmessageconverter4test,False,False
304,34924.0,fastjson,com.alibaba.json.bvt.support.spring.fastjsonhttpmessageconverter4test.getbody,False,False
307,34929.0,fastjson,com.alibaba.json.bvt.support.spring.mock.testcase.fastjsonhttpmessageconvertertest.test1,False,False
320,34943.0,fastjson,com.alibaba.json.bvt.support.jaxrs.mock.testcase.fastjsonprovidertest.test1,False,False
324,34947.0,fastjson,com.alibaba.json.bvt.support.fastjsonconfigtest.test_0,False,False
343,34967.0,fastjson,com.alibaba.json.bvt.serializer.simplepropertyprefiltertest.test_id,False,False
344,34968.0,fastjson,com.alibaba.json.bvt.serializer.simplepropertyprefiltertest.test_id_0,False,False
365,34989.0,fastjson,com.alibaba.json.bvt.serializer.bugtest1.test_4,False,False
376,35000.0,fastjson,com.alibaba.json.bvt.serializer.objectserializertest.test_serialize,False,False
377,35001.0,fastjson,com.alibaba.json.bvt.serializer.objectserializertest.resultcode,False,False
388,35012.0,fastjson,com.alibaba.json.bvt.serializer.mapserializertest.test_empty_1,False,False
390,35014.0,fastjson,com.alibaba.json.bvt.serializer.mapserializertest.test_int2_s,False,False
426,35050.0,fastjson,com.alibaba.json.bvt.serializer.serialcontexttest.test_context,False,False
430,35054.0,fastjson,com.alibaba.json.bvt.serializer.stringserializertest.test_3,False,False
456,35080.0,fastjson,com.alibaba.json.bvt.serializer.jsonserializertest.test_3,False,False
463,35087.0,fastjson,com.alibaba.json.bvt.serializer.jsonserializertest.writejsonstring,False,False
465,35089.0,fastjson,com.alibaba.json.bvt.serializer.jsonserializertest.test_5_null,False,False
466,35090.0,fastjson,com.alibaba.json.bvt.serializer.jsonserializertest.test_6,False,False
494,35119.0,fastjson,com.alibaba.json.bvt.serializer.filters.valuefiltertest.test_valuefilter,False,False
497,35122.0,fastjson,com.alibaba.json.bvt.serializer.filters.valuefiltertest.process,False,False
499,35124.0,fastjson,com.alibaba.json.bvt.serializer.filters.valuefiltertest.process,False,False
502,35127.0,fastjson,com.alibaba.json.bvt.serializer.filters.valuefiltertest.test_valuefilter_3,False,False
509,35134.0,fastjson,com.alibaba.json.bvt.serializer.filters.propertyfiltertest.apply,False,False
512,35137.0,fastjson,com.alibaba.json.bvt.serializer.filters.propertyfiltertest.test_3,False,False
523,35148.0,fastjson,com.alibaba.json.bvt.serializer.filters.arrayserializertest.test_1,False,False
526,35151.0,fastjson,com.alibaba.json.bvt.serializer.filters.afterfiltertest.writeafter,False,False
532,35157.0,fastjson,com.alibaba.json.test.ryu.ryudoubletest.test_for_ryu,False,False
536,35161.0,fastjson,com.alibaba.json.bvt.issue_1200.issue1298.test_for_issue,True,True
1,34612.0,fastjson,com.alibaba.fastjson.jsonpathtest.eq2,False,False
3,34614.0,fastjson,com.alibaba.fastjson.jsonpathtest.isdigitfirst2,False,False
28,34639.0,fastjson,com.alibaba.fastjson.parser.jsonscannertest.checktime2,False,False
45,34656.0,fastjson,com.alibaba.fastjson.parser.jsonscannertest.iseof1,False,False
52,34665.0,fastjson,com.alibaba.fastjson.serializer.serializewritertest.testwritelargebasicstr,False,False
60,34673.0,fastjson,com.alibaba.json.bvt.jsonobjecttest.test_getint,False,False
63,34676.0,fastjson,com.alibaba.json.bvt.jsonobjecttest.test_all_2,False,False
80,34693.0,fastjson,com.alibaba.json.bvt.base64test.test_base64,False,False
85,34700.0,fastjson,com.alibaba.json.bvt.jsonarraytest.test_tostring,False,False
92,34707.0,fastjson,com.alibaba.json.bvt.jsonarraytest.test_getarray,False,False
97,34712.0,fastjson,com.alibaba.json.bvt.serializewritertest.test_1,False,False
101,34716.0,fastjson,com.alibaba.json.bvt.jsontest.test_number,False,False
104,34719.0,fastjson,com.alibaba.json.bvt.jsontest.test_value,False,True
106,34721.0,fastjson,com.alibaba.json.bvt.jsontest.test_array,False,False
112,34727.0,fastjson,com.alibaba.json.bvt.jsontest.test_fromjavaobject_null,False,False
117,34732.0,fastjson,com.alibaba.json.bvt.asm.asmutilstest.test_gettype_null,False,False
120,34735.0,fastjson,com.alibaba.json.bvt.bug.jsontest.testinnerentry,False,True
126,34741.0,fastjson,com.alibaba.json.bvt.stream.jsonwritertest.test_3,False,False
134,34749.0,fastjson,com.alibaba.json.bvt.parser.typeutilstest.test_cast_to_long,False,False
149,34764.0,fastjson,com.alibaba.json.bvt.parser.typeutilstest.test_cast_to_sqldate_null,False,False
171,34786.0,fastjson,com.alibaba.json.bvt.parser.typeutilstest.test_cast_ab_error,False,False
183,34798.0,fastjson,com.alibaba.json.bvt.parser.defaultextjsonparsertest.test_casterror2,False,False
198,34814.0,fastjson,com.alibaba.json.bvt.parser.deser.mapdeserializertest.test_0,False,False
202,34818.0,fastjson,com.alibaba.json.bvt.parser.deser.throwabledeserializertest.test_error2,False,False
217,34834.0,fastjson,com.alibaba.json.bvt.parser.deser.resolvefielddeserializertest.test_0,False,False
224,34841.0,fastjson,com.alibaba.json.bvt.parser.deser.sqldatedeserializertest.test_bigdecimal,False,False
247,34865.0,fastjson,com.alibaba.json.bvt.util.ryudoubletest.test_2,False,False
255,34873.0,fastjson,com.alibaba.json.bvt.util.threadlocalcachetest.clearbytes,False,False
281,34901.0,fastjson,com.alibaba.json.bvt.support.spring.fastjsonhttpmessageconvertertest.getbody,False,False
287,34907.0,fastjson,com.alibaba.json.bvt.support.spring.fastjsonhttpmessageconvertertest.getbody,False,False
289,34909.0,fastjson,com.alibaba.json.bvt.support.spring.fastjsonphttpmessageconverter4test.test_1,False,False
326,34949.0,fastjson,com.alibaba.json.bvt.typeref.typereferencetest.test_0,False,False
338,34961.0,fastjson,com.alibaba.json.bvt.serializer.bugtest0.test_error_4,False,False
341,34965.0,fastjson,com.alibaba.json.bvt.serializer.simplepropertyprefiltertest.test_name_a,False,False
351,34975.0,fastjson,com.alibaba.json.bvt.serializer.simplepropertyprefiltertest.test_exclude_id_map,False,False
382,35006.0,fastjson,com.alibaba.json.bvt.serializer.listserializertest.test_3_s,False,False
385,35009.0,fastjson,com.alibaba.json.bvt.serializer.listserializertest.test_6_s,False,False
401,35025.0,fastjson,com.alibaba.json.bvt.serializer.serializewritertest.test_0,False,False
410,35034.0,fastjson,com.alibaba.json.bvt.serializer.serializewritertest.test_15,False,False
415,35039.0,fastjson,com.alibaba.json.bvt.serializer.serializewritertest.test_16_long_browser2,False,False
418,35042.0,fastjson,com.alibaba.json.bvt.serializer.serializewritertest.test_19,False,False
425,35049.0,fastjson,com.alibaba.json.bvt.serializer.serializewritertest.test_error_6,False,False
431,35055.0,fastjson,com.alibaba.json.bvt.serializer.stringserializertest.test_4,False,False
437,35061.0,fastjson,com.alibaba.json.bvt.serializer.stringserializertest.test_7_d,False,False
439,35063.0,fastjson,com.alibaba.json.bvt.serializer.stringserializertest.test_8_s,False,False
440,35064.0,fastjson,com.alibaba.json.bvt.serializer.stringserializertest.test_9,False,False
467,35091.0,fastjson,com.alibaba.json.bvt.serializer.jsonserializertest.test_7,False,False
471,35095.0,fastjson,com.alibaba.json.bvt.serializer.jsonserializertest.test_10,False,False
483,35108.0,fastjson,com.alibaba.json.bvt.serializer.date.datetest.test_3,False,False
486,35111.0,fastjson,com.alibaba.json.bvt.serializer.date.datetest.test_6,False,False
492,35117.0,fastjson,com.alibaba.json.bvt.serializer.filters.beforefiltertest.test_beforefilter2,False,False
496,35121.0,fastjson,com.alibaba.json.bvt.serializer.filters.valuefiltertest.test_tojsonstring,False,False
516,35141.0,fastjson,com.alibaba.json.bvt.serializer.filters.namefiltertest.test_namefilter,False,False
542,35167.0,fastjson,com.alibaba.json.bvt.serializer.date.datetest5_iso8601.test_date,True,False
